

        NoDur  Durbl  Manuf  Enrgy  HiTec  Telcm  Shops  Hlth   Utils  Other
192607   1.43  15.61   4.60  -1.17   2.90   0.83  -2.81   1.64   7.10   2.13
192608   4.00   3.64   2.79   3.24   2.66   2.17  -0.54   4.51  -1.74   4.31
192609   1.20   4.88   1.22  -3.31  -0.38   2.41   0.14   0.61   1.96   0.29
192610  -1.34  -8.22  -3.61  -0.78  -4.58  -0.11  -5.31  -0.73  -2.67  -2.86
192611   5.15  -0.20   4.14  -0.44   4.71   1.63   4.05   5.53   3.76   2.15
192612   0.84   9.91   3.70   2.79  -0.02   1.99   2.89   0.15  -0.12   3.39
192701  -0.63  -0.91  -0.06   1.21  -1.14   1.88  -3.19   4.91  -1.77   1.52
192702   3.34   8.88   5.80   1.43   4.45   3.97   4.55   1.65   4.60   5.05
192703   2.69   1.65   1.47  -5.91   1.45   5.56   2.85   0.88   0.44   1.26
192704   3.31   3.17   0.78  -5.04   5.40  -2.08   2.21   3.25   1.65   0.91
192705   8.17   5.92   5.09   4.80   7.37   3.35   0.63   4.01   9.31   6.20
192706  -1.75  -2.95  -2.78  -3.16   3.28  -2.14   0.21   0.45  -3.64  -1.98
192707   5.15  13.13  10.39   2.90  11.89   3.73   9.46   9.84   5.31   6.18
192708   2.43   7.02   3.67   0.00   5.79   0.43  13.08   0.28   3.43  -1.20
192709   5.31   5.73   4.75   3.33   1.42   6.53   5.12   5.65   8.29   4.75
192710  -0.80  -4.38  -6.70  -2.06  -7.19  -2.09  -6.01   5.13  -4.34  -3.80
192711   6.44   6.35  10.85   4.15  10.56   2.83  10.92   3.68   6.32   4.53
192712   2.47   7.78   3.08   0.90   1.18   1.33  -0.18  -0.46   2.24   2.00
192801   0.56  -3.34  -0.57  -1.87  -0.40   0.30  -0.56   2.69   5.87  -1.17
192802  -3.99   1.30  -1.89  -0.21  -0.45  -0.30  -1.67  -1.38  -0.70  -1.94
192803   4.36  27.62   8.20   5.38  19.22   1.96   8.78   7.60   6.58   6.05
192804  -0.43   1.42   1.47  15.09   2.23   3.22   0.53   2.35  10.94   4.10
192805   0.85   5.64   3.54  -5.34   2.57   6.47   3.97   9.27   1.51   0.09
192806  -4.33  -4.03  -4.90  -4.02  -5.13  -5.23  -4.10  -3.15  -3.43  -4.22
192807   1.88   0.85   1.90   0.98   0.63  -1.28   4.85   2.68  -1.15  -0.20
192808   5.92   9.06   8.51   2.37  10.06   4.55  11.94  15.11   6.30   4.90
192809   1.28   7.78   4.03   5.09   0.73   0.15   1.53  -1.50   3.03   2.08
192810   0.73   0.14   4.26   2.02   1.82   2.97   4.10  -0.08  -1.78  -0.20
192811   6.69   4.48  13.12  17.44  19.67   6.68  14.16   5.05  22.07  10.09
192812  -0.46  -1.26   3.01  -4.15   7.14  -0.38  -2.62  -0.28   1.63   0.55
192901   3.38   1.27  10.96  -7.71  10.44  13.38  -4.26   3.16  13.75   5.84
192902  -2.51  -0.11   3.54   0.07  -0.75  -1.15  -2.48  -0.16  -2.17  -0.20
192903  -4.54  -1.83  -1.60  11.10   4.49   4.29  -5.71  -1.93  -3.14  -2.49
192904   1.74  -1.01   2.53   0.70   1.67   3.39   2.99   1.55   5.44   0.66
192905  -3.99 -15.02  -9.77  -5.55   0.46  -8.76  -7.17  -7.67   5.41   0.01
192906   5.38   6.92  13.28   1.16  17.04  13.70   8.12   4.13  22.93   5.93
192907   3.22  -2.91   4.31   0.30   9.15  13.69   0.49   2.87   9.25   6.60
192908   4.93   3.03   9.53  11.61  12.35  10.99   7.14   4.04  10.27   7.95
192909  -3.66  -8.35  -7.28  -2.87  -7.49  -1.35  -4.62  -6.98   2.85  -6.36
192910 -10.43 -28.90 -19.45  -9.85 -27.79 -15.41 -23.94 -18.02 -29.55 -11.99
192911  -8.35 -17.30 -14.01  -6.33 -19.23  -9.47 -12.41  -8.53 -15.62  -9.70
192912   0.69   4.90   1.55  -0.96  11.02   1.00  -3.04   1.40   8.05  -0.32
193001   5.70   5.88   6.79  -0.92  10.42   1.19   3.39   2.24   7.94   4.64
193002   2.30   2.43   2.28  -4.51   7.63   7.06  -5.70   2.88   9.60   3.32
193003   2.27  11.43   7.00  17.66   8.28   9.10  -1.83   5.28   9.21   4.79
193004   0.61  -7.77  -7.41   6.71   2.10  -4.52   1.01   0.05   1.92  -6.58
193005   1.44   4.16  -1.87  -3.58  -4.36   0.46  -0.24  -1.22   0.36  -0.93
193006 -11.07 -22.24 -16.38 -15.43 -19.65  -8.34 -15.11 -11.60 -19.86 -11.86
193007   3.12  11.45   4.76   5.18   4.07   1.27   3.15   6.12   1.82   3.59
193008   2.22  -1.92  -0.15  -3.08   2.23   1.74   4.36   8.08   1.59  -0.22
193009  -9.35 -15.64 -13.63 -15.62 -18.21  -5.26  -9.70  -8.71 -12.04 -10.48
193010  -4.91 -10.89 -10.00  -8.16 -17.31  -4.11  -8.62  -4.66  -8.71  -8.37
193011   0.15   4.98  -0.44  -3.74  -3.27  -3.28   2.82  -3.08  -8.07  -5.24
193012  -4.53  -1.64  -8.15 -12.38 -10.67  -3.80 -12.86  -7.30  -3.62  -8.96
193101   5.72   7.30   3.35   5.30   5.15   4.79   5.94   7.96   6.15  11.65
193102   7.17  16.12  12.88   5.81  22.37   5.95  16.13   8.59  15.43   5.47
193103  -1.93  -3.38  -6.80 -14.36  -7.58  -3.58  -4.51   1.81  -3.26  -9.45
193104  -5.24  -7.45 -14.04 -13.52 -12.92  -4.24  -4.49  -3.69  -9.95  -9.90
193105 -11.40 -15.00 -16.36 -12.42 -12.89  -8.94  -4.16  -9.97 -10.78 -17.59
193106  10.90  14.35  17.31  17.79  18.54  10.20   7.01   9.58  12.12  16.53
193107  -3.60  -2.16 -10.26  -3.35 -10.22  -4.88  -1.06   3.18  -5.21  -9.91
193108  -0.49  -2.83  -0.14   9.01   3.78   0.82   2.17   0.03  -1.99  -4.07
193109 -25.59 -32.33 -29.85 -26.15 -33.83 -21.56 -28.63 -29.95 -29.84 -26.24
193110   7.57  10.86   6.29  13.77  11.36   4.36  12.61  11.06  10.44   1.15
193111  -4.65  -3.02  -8.26 -10.43 -14.14  -6.83  -7.48  -2.45  -4.66 -18.59
193112  -9.76  -9.20 -15.34 -17.79 -13.34  -7.93 -13.58  -4.11 -13.29 -16.51
193201   2.15  -6.35  -0.50  -4.25 -11.55  -4.04   0.25  -3.00  -2.52   6.81
193202   5.50   2.23   6.06   7.83   6.23  11.63   3.23   2.80   6.97  -0.24
193203  -6.09 -20.13 -14.24  -0.59 -14.38  -9.90  -8.31  -6.87  -9.51 -15.95
193204 -11.88 -26.05 -23.10 -12.64 -24.12 -12.38 -14.65 -19.91 -15.59 -22.24
193205 -22.48 -15.60 -18.07  -7.55 -28.70 -10.80 -30.15 -34.74 -26.83 -29.94
193206   2.23  -7.92  -2.65   5.27   7.10  -9.55  -2.61  10.43   1.54  -2.02
193207  27.65  30.84  41.75  33.50  44.09  16.67  27.41  29.95  29.18  55.35
193208  22.42  42.27  46.18  17.23  45.34  28.16  34.57  37.46  43.16  58.85
193209  -0.85   8.17  -2.64 -10.94  -5.60   0.25   0.45 -12.86  -4.61  -3.92
193210 -11.40 -23.23 -15.78  -3.60 -18.97  -8.12 -11.37 -19.42 -10.88 -17.96
193211  -7.24  -2.81 -10.37  -2.80  -8.23  -1.12  -5.16   6.32  -3.38  -6.97
193212   3.76   3.55   3.34   0.16   7.64   3.67   6.81   8.11   9.11   4.87
193301   4.53   1.97   3.29  -2.37   1.47   0.30  -2.48  -1.30  -4.46   8.75
193302  -9.17 -22.00 -17.35 -13.01 -20.08  -7.78 -15.84 -10.12 -19.69 -16.43
193303  10.47   9.26  11.27   3.96   6.19  -5.83   7.75  -3.94 -12.68   4.01
193304  34.20  74.25  57.36  32.57  53.43  13.19  37.05  38.66  24.76  30.42
193305  12.26  25.58  25.89  17.30  19.53  17.37  16.28  24.87  19.26  31.44
193306  11.29  18.66  12.22  12.49  10.76  10.48  16.33  10.85  15.60  14.49
193307  -6.75  -6.66 -11.30 -11.56 -10.93  -4.35 -13.65 -19.43 -13.54  -6.70
193308  10.07  19.51  16.12  18.38  12.76   4.50   7.31  -0.29  -1.30  14.76
193309  -7.27 -15.23  -9.99  -2.14 -17.15  -3.55  -8.69  -2.70 -19.82 -16.40
193310  -9.06  -9.30  -7.94  -4.83  -9.68  -7.18  -8.60  -5.91  -7.75 -10.80
193311   4.67  24.00  12.74  14.28  12.67   5.61  13.95   9.39  -2.68   5.53
193312  -3.34   9.20   4.61  -1.10   1.43  -3.75   6.19 -11.20   1.48   4.94
193401  10.37  13.12  11.00   9.29  15.84   5.96  21.17  16.27  20.58  18.40
193402  -4.78  -2.17  -2.96  -3.07  -6.42   2.14   2.68  -3.41  -1.81  -2.01
193403   1.17  -0.55  -1.28  -1.56   3.24   1.27   3.36  -0.75  -1.80   0.79
193404   3.31  -6.35  -2.73  -2.18  -2.26  -1.25  -0.49   8.33  -3.84  -1.58
193405  -2.66 -12.23  -9.99  -4.04  -6.58  -4.30  -7.26  -0.31  -7.84  -7.30
193406   3.91  -2.28   4.31   1.17   2.60   1.32   2.17   2.07   4.40   3.20
193407  -5.13 -13.07 -11.39 -10.11 -11.84  -4.33  -7.32  -1.85 -17.45 -17.27
193408   4.44  10.09   7.52   6.93   6.51   2.55   6.37  -3.03   1.91   4.57
193409   0.11   0.69  -1.15  -1.76  -0.29   1.90   1.07   0.64   1.67  -0.42
193410   0.44  -1.61  -0.38  -5.40  -0.99  -1.58   1.23  -0.94  -7.79  -2.10
193411   8.59  16.62  12.60   7.53  13.46  -1.73  10.42   3.83  -0.22   5.84
193412  -0.96   3.40   2.28   0.68   3.70  -0.59  -1.16   0.63  -8.72  -0.14
193501  -1.44  -8.39  -2.36  -4.13   1.22  -0.45  -4.36  -0.92  -3.06  -6.70
193502   1.82  -3.15  -1.69  -3.24   0.17   1.04  -1.31   4.40 -12.04  -4.59
193503  -4.77  -5.42  -4.75  -3.76  -4.14  -0.70  -4.99  -3.24  12.23  -5.52
193504   5.69   5.64   8.92  14.87  10.19   9.14   6.22   3.57  10.92   8.87
193505   1.15   2.79   1.88   3.72   2.76   8.38   3.36  -4.31  13.67   3.66
193506   5.70   8.95   6.47   1.34   8.31   5.36   3.91   4.06   9.10   6.42
193507   2.98  18.00  10.51   0.48   9.60   5.74   6.56   3.90   9.41   7.48
193508  -1.56   8.10   3.14  -2.05   3.24   4.06   3.62   0.12   7.20   3.29
193509   1.68  10.28   4.15  -3.21   7.67   4.29  -0.21   1.33  -1.65   0.72
193510   4.59  13.17   5.78  13.18   8.74   3.09   4.37   6.11  14.60   2.55
193511   1.13   3.38   4.41   2.61   5.82   9.71   2.71   1.69   0.82  13.07
193512   2.06   5.47   3.61  14.34   3.38  -0.16  -0.87   2.53   5.61   4.30
193601   3.10   3.93   5.45  12.94   6.45   4.17  -3.95   3.66  12.64  12.07
193602   0.45   3.77   5.70   1.26   0.28   6.56   0.50   3.19  -6.41   3.03
193603  -2.10   9.61   2.60   1.70   0.00  -3.36   2.07   3.78   0.70  -3.08
193604  -4.41  -9.90  -8.91  -9.08  -8.72  -5.65  -4.17  -9.08  -8.35  -7.35
193605   5.09   3.91   6.33  -0.47   5.34   6.45   3.58   4.87   9.60   7.46
193606   2.37   6.56   1.18   1.70   1.43   2.42   6.83   1.36   3.69   1.84
193607   3.10   4.72   7.58   4.62  12.15   2.44   4.50   4.92  11.80   9.61
193608   0.89  -0.40   1.65  -0.69   2.53   1.76   2.36  -1.47  -1.08   1.75
193609  -0.77   3.12   2.07   1.41  -1.29   0.35   6.18   0.73  -2.20   0.94
193610   3.40   4.94   7.65  12.16   5.70   5.08   9.39   3.75   5.76   8.19
193611   4.38  -1.27   5.47   1.64   5.46   3.87  11.00   3.36  -3.15   0.64
193612  -1.27  -6.84   1.79   9.19   2.59  -0.39  -8.54  -2.02  -1.73  -1.09
193701   2.58   6.87   4.67   2.37   8.69  -0.85   0.60   3.31   2.24   0.95
193702   1.00  -0.39   2.70   1.32  -1.39  -3.05   2.44  -3.90  -4.23   4.53
193703  -0.75  -4.17   1.37   3.34  -4.48  -2.09  -3.58  -5.02  -6.33   2.69
193704  -6.46  -7.81  -9.08  -5.42  -7.58  -5.23  -6.11  -3.34  -7.31  -6.74
193705  -0.42  -1.89   1.03  -0.06   0.66   1.52  -6.52   1.70  -5.27  -3.34
193706  -3.23 -10.49  -3.66  -2.68  -1.37   1.40  -1.80  -4.04  -5.27  -8.82
193707   4.90  12.88   9.30   8.14   9.52   3.27  10.00   4.13  19.31   8.67
193708  -2.43  -2.26  -4.41  -6.44  -4.80  -2.54  -5.11   1.12 -10.26  -8.35
193709  -9.53 -12.24 -17.44 -12.87 -14.00  -2.08 -12.85 -10.77 -11.70 -15.92
193710  -6.86 -12.80 -13.82  -6.82  -7.23  -5.36  -6.09  -3.58  -4.94 -10.28
193711  -5.71 -14.96  -9.30 -11.31  -4.37  -3.59 -14.73  -5.14   2.92  -6.81
193712  -2.26 -15.51  -2.28  -1.37  -2.17  -1.53  -6.32  -2.07 -10.56  -6.50
193801   2.65  10.81  -1.27   0.62  -2.55  -2.44   6.98   3.52  -5.65   0.32
193802   3.82   3.16   8.47   8.96   4.20  -2.33   8.43   8.69   3.60   5.05
193803 -15.95 -26.49 -25.65 -24.76 -27.70 -17.43 -20.58 -14.37 -19.46 -29.65
193804  12.58  14.64  13.77  14.99  16.76  13.47  15.53  11.73  14.64  14.34
193805  -0.03  -6.98  -6.88  -5.64  -3.00   0.83  -3.96   1.71   2.36  -3.94
193806  13.22  34.30  32.91  21.41  27.33  12.41  22.42   9.97  16.83  25.33
193807   6.50  19.32   6.79   7.19   5.73   1.28   9.35   5.73   0.74   9.77
193808  -3.88   5.52  -1.91  -8.70  -1.11   0.29  -2.86   0.37  -5.52  -3.71
193809   0.33   0.98   1.67   0.86   1.70   0.85  -0.62  -0.03   1.23  -1.16
193810   5.27   6.26  10.55  -1.42  10.04   3.56   7.70   5.52  21.09  11.04
193811  -2.38  -1.38  -1.50   0.08  -4.48   0.66  -1.02   1.46  -7.00  -1.97
193812   2.90   2.02   5.53   4.31   3.12   2.57   0.18   0.86   3.98   6.35
193901  -2.09  -7.86  -9.24  -6.20  -7.49   1.81  -2.73  -0.93   1.29  -8.76
193902   2.56   6.85   3.00  -1.17   2.80   3.53   5.52   3.73   8.75   4.64
193903  -5.90 -17.01 -15.29  -8.22 -15.04  -2.20  -9.02  -4.36 -13.53 -15.36
193904   0.63   0.65  -1.39  -1.05  -2.68   2.75  -0.27   0.97   2.91  -1.82
193905   5.71   7.51   7.54   2.52   8.27   5.56  10.86   5.48   6.46   8.08
193906  -2.22  -6.36  -6.23  -6.70  -8.02  -3.79  -2.65   1.19  -3.53  -7.80
193907   6.30  16.86  12.81   3.09  14.09   6.50   9.00   3.05  12.64  11.61
193908  -7.46  -6.72  -6.62  -3.82  -8.00  -4.18  -6.59  -5.38  -6.06 -10.03
193909   4.24  23.56  26.91  26.08  12.35   2.35   0.03   7.03   3.60  25.63
193910   3.57  -1.54  -2.70  -3.85  -0.97   3.06   6.17   0.19   2.16  -1.56
193911  -0.60  -2.64  -5.88  -6.45  -2.58   0.98  -2.63   1.22  -1.43  -4.99
193912   3.58   3.31   3.98  -0.05   3.73   2.87   4.11   3.80   2.96   2.30
194001   1.73  -3.72  -4.63  -2.08  -4.27  -0.11  -0.98  -1.82  -0.02  -2.63
194002   0.98   1.93   2.75   0.89  -0.64   1.04   1.15   1.50  -1.24   0.79
194003   1.80   3.41   1.54   1.60   3.12   1.16   3.57   1.89   1.70   2.60
194004   1.63  -0.22   0.78   0.07  -1.40   0.33   0.38  -0.31  -1.36  -0.76
194005 -20.93 -25.73 -22.12 -24.16 -20.74 -14.13 -23.45 -21.25 -19.86 -23.97
194006   5.16   8.74   4.28   5.32   3.03   8.72   8.11   4.94  17.42   8.58
194007   0.18   5.31   4.28   3.21   5.00   1.97   4.72  -0.53   0.11   3.44
194008   1.25   7.24   2.41   1.36   3.27  -0.36   2.45  -2.29  -1.02   3.09
194009   2.49   3.17   4.17  -2.11   4.15   1.66   3.03   4.65  -2.16   2.52
194010  -1.52   3.74   4.03   6.21   2.42   1.61   0.39  -3.05   3.93   5.07
194011  -0.94  -0.58  -1.46   0.78  -2.75   0.61  -1.80  -1.83 -13.06  -0.28
194012   0.65  -3.25   1.19   2.48  -0.08   2.05   0.54  -0.22   1.75   0.24
194101  -0.73  -8.58  -7.02  -2.12  -2.59  -2.10  -3.37  -2.21  -2.10  -1.64
194102  -2.45   1.08  -2.08  -0.69  -0.38  -2.23  -4.00  -4.72  -1.16  -0.28
194103   0.67  -1.70   0.80   3.34   0.33   1.77   1.37   1.76  -3.26   1.94
194104  -4.21 -10.26  -5.72   1.47  -8.88  -6.35  -4.27  -5.27  -9.51  -4.38
194105  -1.30   0.34   3.74   5.49  -0.44   0.40   2.73  -1.48  -4.58  -0.95
194106   6.40   3.75   6.45   5.34  10.75   5.04   5.30   6.76   4.06   4.66
194107   5.63   3.87   7.07  11.26   1.73  -0.39   4.99   8.01   5.32   7.29
194108   0.92   2.22  -0.67  -3.25   0.79   1.06   2.70   0.07  -2.16   0.18
194109   1.85   4.17  -2.94  -0.90  -0.78   0.25   0.25  -0.21  -2.68  -2.50
194110  -7.06  -7.91  -6.32   2.62 -10.26  -2.72  -4.95  -3.70  -9.56  -4.35
194111  -3.19  -3.41  -1.41   3.16  -2.10  -4.03  -3.32  -2.94  -6.56  -1.58
194112  -4.22 -11.24   0.88 -11.00   0.67  -8.59  -8.58  -1.49  -7.44  -5.44
194201   2.00   6.64  -2.29  -1.54   0.95  -1.37  -0.91  -3.13   3.93   9.28
194202  -5.58   4.67  -2.52  -5.75  -2.51  -0.58  -2.21  -5.41  -2.45  -1.74
194203  -8.65   1.38  -5.60  -7.95  -6.35  -6.92  -8.24  -5.65 -12.12  -8.95
194204  -3.74  -4.69  -4.50  -3.43  -3.57  -7.32  -5.29  -4.47  -3.32  -2.13
194205   9.11   9.62   1.73   6.65   7.86   7.72  11.73  14.80   8.52   3.50
194206   3.68   1.77   3.59   4.30   4.51  -2.23   2.32   2.85   1.77   1.88
194207   2.32   2.08   2.74   5.92   1.84   4.45   4.28   1.51  -0.48   6.55
194208   0.77   2.37   1.31   3.40   0.72   2.34   2.44   2.22   0.79   2.38
194209  -0.22   2.57   3.22   2.52   5.19   2.07  -0.11   0.25   5.83   3.32
194210   4.56   5.51   6.69   9.45   6.22   6.13   0.71   4.05  15.00   8.56
194211   2.99  -0.24  -2.34   0.98   2.01   2.71   6.44   1.57  -1.12  -1.79
194212   4.66   8.01   5.24   7.47   6.04   0.35   2.26   8.80   4.28   4.39
194301   9.14   5.25   6.95   6.30   9.90   3.73   7.45   2.25  14.65   7.05
194302   3.32   7.58   5.11   7.84   3.40   8.75   3.13   3.79   7.80   9.53
194303   4.47   4.77   5.87   7.41   7.45   0.60   8.84   4.40   4.62   9.91
194304   0.98   0.48  -1.48   0.73   1.20   4.13   1.76   1.25   4.03   2.14
194305   6.60   6.39   5.34   5.91   6.21   4.53   7.38   5.02   4.37   5.52
194306   1.92   4.79   0.89   1.13   2.35   2.49   4.51   0.48   4.26  -0.81
194307  -1.90  -9.11  -6.71  -2.96  -7.32  -0.10  -2.35  -3.08  -0.41  -5.10
194308   1.02   3.25   0.64   1.01   0.41   0.82   3.15   0.29   1.18   1.41
194309   2.23   1.71   2.63   1.39   5.24   1.49   2.78   3.94   3.77   2.33
194310  -0.16  -1.15  -0.83  -2.02  -3.38   0.71  -3.30   0.50   0.57  -1.12
194311  -4.64  -4.95  -6.30  -6.78  -6.45  -1.74  -4.19  -3.98  -8.27  -7.82
194312   6.20   7.48   5.83   7.53   8.03   3.18   6.01   3.76   7.36   7.08
194401   4.07   0.93   1.88   0.60   0.51   0.89   1.63   0.33  -0.29   4.48
194402  -0.64   3.70  -0.39   0.08  -2.10   0.86   1.30  -2.60   1.56   2.05
194403   2.84   4.71   2.24   1.87   3.75   0.70   2.07   2.48   1.71   2.62
194404  -1.98  -1.11  -2.00  -1.36  -1.94  -0.57  -1.33  -2.33  -0.92  -2.36
194405   5.44   7.58   5.50   5.00   3.61   2.80   5.52   5.65   2.77   4.34
194406   5.44   9.04   7.07   0.52   7.43   3.25   6.16   3.89   4.94   5.80
194407  -0.40  -4.73  -1.96  -1.21  -1.84  -0.37  -0.24  -1.32   0.30  -0.83
194408   2.47   3.90   2.17  -1.95   1.89   0.65   3.77   0.84   3.58   0.44
194409  -0.30   0.73   0.51  -1.37  -0.63   0.25   1.28   0.36  -1.49   0.13
194410   0.05  -2.64  -0.32   1.87   0.88   0.77   0.47   1.19   1.49   0.64
194411   1.43   1.92   0.83   2.61   1.54   0.69   2.56   0.39  -0.29   4.30
194412   2.07   3.89   4.17   5.12   4.65   0.73   2.95   1.65   3.08   8.34
194501   2.68   1.19   2.76   4.89   0.57  -2.03  -0.97   0.39   5.74   0.72
194502   3.98   7.44   6.89   7.29   6.64   2.87   4.72   4.39   6.13   7.74
194503  -3.05  -5.86  -4.75  -5.23  -3.80  -0.15  -1.29  -1.85  -3.08  -3.57
194504   7.24  10.73   8.39   6.90   8.07   2.52   6.68   6.41   9.95   8.83
194505   2.42   0.89   0.74  -0.84   1.79   3.73   6.27   4.13   1.95   3.05
194506   0.75  -1.61  -0.21  -0.49  -1.90   2.59  -3.52  -4.67   4.85   4.25
194507  -1.49  -0.85  -2.97  -3.27  -1.71   2.19  -0.88  -1.62  -0.44  -5.27
194508   7.91   9.04   8.72   2.21   9.67   1.69   8.28   9.30   1.17   2.65
194509   6.30   2.82   6.13   1.91   3.35   1.99   5.72   6.57   6.51   6.08
194510   6.67   0.29   2.37   6.33   0.74   2.34   6.29   6.39   5.93   5.59
194511   3.67   2.57   4.90   8.33   2.61   3.39   6.35   8.62   4.96   8.89
194512   1.21   2.39   1.54  -0.23   2.58   0.48   2.21   1.27  -0.91   0.13
194601   5.11   6.76   7.95  -0.08   6.51   1.94  10.50   7.61  10.60   7.54
194602  -4.72  -8.87  -6.06  -4.70  -7.42  -2.85  -4.01  -4.14  -5.49  -6.22
194603   6.44   1.09   5.73  11.04   1.97   1.28  11.71  14.71   6.46   4.69
194604   3.68   1.46   4.31   8.75   1.47   1.57   7.88  14.91   4.25   1.59
194605   3.41   5.05   4.91   3.62   5.08   2.80   2.20   5.58   2.94   3.53
194606  -3.60  -5.87  -3.52  -3.16  -5.29   0.42  -7.85  -5.50  -2.82  -3.33
194607  -0.75  -4.65  -3.16  -0.03  -3.43  -0.06  -2.38  -3.13  -3.47  -5.04
194608  -5.23 -10.18  -6.65  -5.61  -6.81  -6.92  -4.88  -3.22  -5.51  -6.60
194609 -10.36 -14.57 -10.36  -8.00  -9.82  -4.81  -6.58  -7.02  -8.73 -14.15
194610   0.39  -3.03  -1.81  -0.67  -2.84  -5.13  -2.63  -0.28   1.53  -0.25
194611  -1.06  -1.18   1.79   0.56  -2.25   1.81  -4.64   1.64   0.74   0.44
194612   4.05   5.74   6.63   4.34   4.85   3.72   4.93   7.40   6.06   2.88
194701   0.28  10.65   0.90  -0.65   5.40   0.97   3.08  -5.35  -0.37   0.46
194702   1.02   1.43  -0.68  -2.69  -2.03  -2.08  -1.26  -4.21  -0.69  -1.45
194703  -2.14  -2.41  -1.53   2.33  -2.35  -2.21  -2.42  -1.28  -2.64  -3.49
194704  -6.59  -4.01  -5.64  -0.37  -5.09  -0.26  -7.69  -8.46  -3.73  -6.34
194705  -0.31  -2.01  -2.02   2.51  -0.38  -1.07  -1.09  -2.61  -2.33  -1.80
194706   6.41   6.00   5.72   7.79   3.83  -3.22   9.72   4.23   3.92   3.49
194707   4.64   5.05   3.88   3.87   6.35   0.81   4.45   2.60   2.50   5.98
194708  -1.58  -0.61  -1.00  -2.30  -4.19   0.36  -3.52  -3.83   0.24  -3.02
194709   0.54  -0.06   0.69  -2.70   1.15   0.84  -2.16  -2.62  -1.32  -0.92
194710   1.40   2.98   3.25   5.24   1.72   0.21   2.71   1.22   0.15   0.93
194711  -1.80  -2.55  -1.18  -0.34  -0.58  -2.57  -1.86  -3.04  -7.44  -1.93
194712   0.35   2.29   2.64   9.29   2.48   0.44   0.11   3.10   1.18   3.84
194801  -2.80  -5.08  -4.06  -7.43  -5.48   0.11  -2.58  -8.23  -0.22  -1.00
194802  -6.06  -5.46  -5.33  -2.96  -3.96  -1.06  -3.90  -3.53  -3.49  -4.17
194803   5.44   7.08   9.60   9.93  11.09   1.96   7.09   6.33   6.61   9.95
194804   1.40   1.13   2.57  11.21  -0.60   2.65   4.40   2.14   1.50   2.95
194805   5.10  13.98   7.84   6.08  12.72   2.49   8.84   6.78   5.74   6.90
194806  -2.09   0.37  -0.92   3.49  -1.40   0.43  -1.01  -2.19   2.58  -0.97
194807  -1.69  -4.23  -4.99  -7.18  -6.62  -1.65  -7.50  -4.25  -4.20  -4.97
194808   0.08   1.03   0.40  -2.01   3.06   0.06   2.27  -1.90   0.09   1.50
194809  -4.08  -3.71  -2.66  -4.46  -3.17  -0.23  -0.93  -3.08  -0.90  -3.37
194810   3.69   7.70   6.64   9.20   6.83   1.11   4.16   5.19   4.40   5.14
194811  -6.25 -11.63 -10.16 -12.18  -9.28  -2.06  -4.50  -5.74  -9.09 -10.44
194812   0.58   3.48   4.02   4.72   6.31   1.08   1.41   4.54   2.67   2.89
194901   3.61   2.54   0.32  -3.83  -1.33  -1.26   1.01   4.57   4.77   0.34
194902  -1.88  -3.69  -3.44  -4.30  -4.21  -0.30  -3.10  -0.93   0.67  -3.15
194903   3.16   3.47   3.59   6.06   5.82   1.36   4.26   5.50   3.76   4.80
194904  -1.61  -4.14  -3.49   1.29  -3.72  -1.64  -1.63   0.24   1.22  -1.66
194905  -0.44  -2.73  -3.31  -5.63  -5.32  -2.18   1.11  -1.88  -0.57  -2.63
194906   0.99   1.31   0.19  -1.18   0.11   1.13   3.57   2.16  -0.92  -1.23
194907   5.05   9.09   5.90   6.24   6.89   2.41   4.68   6.00   4.56   4.37
194908   3.99   2.38   2.15   5.49   0.79   0.98   1.32   0.19   3.67   1.59
194909   2.80   2.70   3.92   3.03   3.63   1.23   2.16   1.86   4.05   3.49
194910   1.51   7.15   4.35   3.71   3.74   1.88   0.39   3.38   0.45   2.48
194911   1.93   4.54   3.26  -2.77   3.89   1.67   2.38   4.81   3.16   1.09
194912   5.21   8.11   6.40   1.09   9.15   1.59   4.65   8.70   3.29   7.28
195001   1.36   1.86   2.04  -0.64   4.56   1.86   0.01   1.06   3.69   3.01
195002   0.77   3.09   1.97  -0.53   3.38   0.66   1.46   1.92   2.38   1.05
195003  -0.47   1.79   0.79   4.85   2.42   4.57  -0.66  -2.90   0.60  -0.85
195004   0.18  10.23   7.48   3.23   4.72   2.37  -0.25   5.52   0.95   1.46
195005   2.09   6.34   6.00   8.80   0.23   1.97   2.62   3.96   1.86   1.51
195006  -5.83  -3.98  -6.51  -4.46  -7.96  -4.28  -4.53  -4.19  -7.63  -6.87
195007   0.33  -2.78   2.30   8.59  -2.92  -1.32  -0.75  -6.94  -5.23   7.16
195008   3.94   9.22   6.35   4.34   5.28   2.56   4.19   3.68   3.39   2.31
195009   4.89   8.66   4.45   3.62   5.00  -0.46   7.59   6.15   4.51   6.74
195010  -0.36   0.70   0.47   0.20  -1.49   0.21   0.80  -1.76  -0.74  -1.76
195011   0.08  -2.56   5.89   5.26   2.63  -0.24   0.63   4.68  -1.18   4.04
195012   2.80   1.48   6.61   8.63   3.88   1.88   2.98   6.06   3.59  10.93
195101   4.67   9.28   6.12   6.44   7.74   1.88   3.10   3.10   5.04   6.31
195102   0.92   2.73   1.20   0.97   0.93   4.11   3.49   1.46   3.11  -0.29
195103  -2.70   1.12  -3.10  -2.33  -0.91  -1.10  -1.76   1.70  -1.39  -2.73
195104   0.96   3.36   6.90  10.65   3.16   0.85   0.08  10.41   0.22   3.65
195105  -1.25  -5.25  -2.06  -3.08  -2.77  -0.41  -1.67   1.57  -0.05  -3.26
195106  -3.65  -6.56  -3.88   1.06  -1.61  -0.18  -2.36   0.83  -0.41  -4.92
195107   3.14   3.00   8.41  11.23   5.94   2.82   2.72  14.30   5.31   7.94
195108   3.32   6.86   4.85   5.41   6.53   2.65   2.97  -1.25   2.14   3.68
195109  -0.40   2.55   0.33  -0.47   3.39  -0.08   3.08  -1.79   1.32   3.14
195110  -3.21  -2.07  -4.28   1.30  -5.84  -1.12  -3.14  -5.94   0.71  -3.34
195111   0.12   1.91   0.40  -0.98   2.33   0.49   1.38  -0.57   1.66   2.21
195112   1.94   2.46   4.30   4.31   5.15   0.88  -0.19   5.03   3.27   1.96
195201   0.50  -1.02  -0.26   6.50  -1.52   0.14  -0.45   0.86   3.08   2.23
195202  -2.08   0.31  -3.67  -3.41  -3.59  -0.66  -3.62  -4.58   0.71  -1.41
195203   1.72   8.18   2.87   8.50   5.11   1.25   2.25   0.58   2.23   5.65
195204  -3.40  -2.94  -6.72  -7.64  -3.60  -0.71  -1.76  -5.43  -1.80  -3.03
195205   1.94   3.92   4.05   3.34   2.74   1.01   2.66   2.79   2.99   3.52
195206   2.77   5.11   4.33   5.13   5.63   2.10   2.94  -1.20   1.10   4.84
195207   0.74   2.42   2.16  -0.90   1.51   0.20   1.79  -4.87   2.19   1.03
195208   0.90   2.00  -1.52  -2.66  -0.54   0.86  -0.27  -0.50   1.91   0.41
195209  -2.60  -0.68  -2.00  -4.31   1.44  -0.37  -0.72  -4.30   0.39  -0.73
195210  -1.04   1.10  -1.61   0.39  -1.26   0.99  -1.14  -1.45   0.51  -1.91
195211   5.54   6.37   8.56   1.98   8.49   4.00   4.21   7.25   5.16   6.42
195212   1.38   6.80   2.59   4.48   2.92   0.88   1.39  -1.96   1.80   3.84
195301   1.99  -0.27   0.95  -2.96  -1.25   0.93   0.77  -5.12   0.92   0.59
195302   2.51  -1.05  -0.83   0.30   1.43  -0.42  -0.09   2.09   0.41   0.16
195303  -1.74  -4.32  -1.61  -0.49  -0.45  -0.47  -0.81  -0.16   0.05  -1.61
195304  -0.32  -1.97  -2.67  -5.09  -1.58  -1.04  -0.78  -5.35  -3.19  -3.10
195305   1.40   0.04   0.32   1.69   1.65   0.35   1.53  -0.03  -0.03   1.02
195306  -1.45  -3.28  -2.26   0.02  -2.00   0.56  -2.42  -3.29  -2.85  -1.89
195307   3.09   0.77   2.48   3.84   1.93   0.88   2.14   3.66   3.37   0.92
195308  -4.12  -6.28  -4.90  -6.27  -5.19  -0.74  -2.37   0.05  -0.31  -6.43
195309   0.22  -0.84   1.10  -2.12   3.83   1.86   0.03   0.43   1.62  -0.89
195310   0.99   7.55   6.03   5.63   6.65   1.31   0.66   2.66   4.48   3.16
195311   0.07   0.49   3.96   2.01   4.84   2.32   3.09   7.98   3.03   2.54
195312  -0.95  -1.17   0.60   0.40   0.57   0.51   1.00  -1.34   0.60  -1.54
195401   4.52   5.24   4.63   8.76   7.56   1.83   3.50   5.65   3.30   6.06
195402  -0.35   1.70   1.03   2.84   6.63   2.64   0.43  -0.18   1.55   1.75
195403   1.30   3.38   4.88   4.36   7.27   1.70   0.41   0.28   2.98   1.96
195404   1.28   3.91   5.84   5.89   7.99   2.07   1.37   1.20   1.10   2.92
195405   1.97   4.43   4.13   3.18  -0.42   1.09   2.62   1.61   2.70   4.41
195406   0.70   1.19   3.54  -5.70   9.18   0.53   2.35  -2.43   1.32   2.04
195407   6.45   9.71   5.29   4.07   0.07   4.26   4.16   8.21   5.46   6.79
195408  -2.67  -3.35  -3.71   0.43  -4.37  -1.68  -0.15  -2.57  -1.72  -1.49
195409   3.73  14.24   6.23   9.70   6.74   2.62   4.68   2.82   1.98   4.11
195410  -1.88  -0.77  -1.18  -2.11  -1.49  -0.80  -2.47  -1.62  -3.84   0.17
195411   6.20   4.32  13.41   8.18  13.66   3.46   8.35  12.55   5.66  11.88
195412   4.02   7.21   6.58   6.73   3.51   1.52   2.40   6.13   3.51   8.90
195501   0.79   0.51  -0.12   0.49   3.67   0.84   1.77  -2.88   1.49   1.04
195502   1.74  -1.00   4.24   2.15   4.58   4.04   1.36   2.85   3.68   3.28
195503  -0.16   0.05   0.30   0.08  -1.90  -0.09  -1.53   6.10  -0.79  -0.01
195504   3.96   5.60   4.27   0.67   5.16   1.97   1.82   0.01   2.58   2.56
195505   0.15  -1.14   2.91  -0.53   0.24   1.24   2.68   3.14  -0.09   1.50
195506   3.07   9.85   9.35  10.76   3.66   0.49   4.27   0.17   1.67   2.65
195507   3.17  18.56  -1.39   2.80  -3.17   2.68   2.09   0.14   0.14  -2.12
195508  -0.99  -4.22   3.07  -1.06   0.77  -2.47   1.65   0.15  -2.25   0.12
195509  -1.21   8.66  -0.48  -0.23  -4.50   1.09   3.16  -3.20  -0.04  -2.23
195510  -0.38  -4.87  -2.88  -0.92  -4.70  -1.15  -2.41   0.81  -1.37  -2.60
195511   2.49   8.89   7.75   8.52  10.57   1.69   5.49   6.26   5.88   6.59
195512   0.97  -4.04   2.85   3.71   4.57   0.93  -0.70   6.22  -2.69   0.40
195601  -1.51  -6.50  -4.62   0.57  -4.95   1.79  -3.99  -6.50  -2.67  -3.32
195602   1.33   5.75   4.83   4.36   6.19   0.16   2.68   8.25  -0.95   3.58
195603   2.26   3.95   7.79  11.23   9.39   1.34   0.42   7.24   1.74   5.50
195604   1.16  -5.15   0.99   3.49  -0.26  -0.83  -1.49   2.74  -2.15   0.34
195605  -3.13  -4.38  -6.05  -6.20  -5.95  -1.10  -4.15  -1.24   0.32  -4.84
195606   0.24   6.52   4.63   2.71   5.74   1.21   2.33   3.58   1.01   1.85
195607   2.14   4.57   5.91   6.09   5.12   2.71   4.72   3.10   5.24   2.64
195608  -1.17   0.58  -3.23  -5.27  -3.30  -1.32  -3.99  -3.07  -2.48  -2.72
195609  -3.09  -0.89  -5.84  -5.62  -7.02  -2.76  -4.72  -3.69  -3.87  -3.92
195610   0.66  -1.34   0.80   0.57   3.52  -1.43   1.20   0.58   1.16   0.50
195611  -0.12  -3.53  -0.93   5.43   0.22   1.55  -2.12  -1.31   0.43   0.16
195612   1.30   0.89   4.67   4.00   4.40   2.58  -0.29   6.05   1.77   2.43
195701   1.67  -4.78  -5.46  -4.07  -5.44   2.89  -1.02  -2.26   2.66   0.08
195702  -1.34  -1.64  -2.76  -2.20  -1.04   0.34  -0.92  -0.35  -0.34  -3.02
195703   1.39   0.42   1.96   3.12   4.75   1.54   2.35   8.21   1.72   2.53
195704   1.13   7.25   3.55   6.76   7.94   0.50   0.28   5.43   3.16   2.54
195705   1.25   0.64   3.40   7.50   5.65   1.02   2.71   4.78   2.28   1.42
195706  -0.25  -0.21   0.18  -1.63   4.72  -2.11  -2.03   6.45  -5.11  -0.51
195707   0.70   3.24   0.62   1.03   0.79  -0.27   2.49   2.98   0.02   1.05
195708  -2.01  -2.71  -6.27  -5.67  -7.12  -0.05  -2.65  -2.26  -2.59  -5.11
195709  -1.37  -7.09  -6.94  -7.84  -6.37  -2.23  -0.08  -3.71  -1.70  -5.70
195710  -2.18  -4.34  -4.81  -5.65  -2.70  -2.08  -3.55  -0.45  -0.65  -6.74
195711   3.48  -5.67   3.28   2.39   6.53   1.49   1.39   7.77   4.38   0.29
195712   0.59  -8.17  -4.73  -6.87  -3.81   1.25  -1.84  -0.38   2.51  -3.72
195801   7.68   5.40   5.75   1.60   4.35   4.27   8.12  -0.05   6.24  10.02
195802   1.94  -1.30  -1.95  -4.60  -1.88   0.65   1.44   4.92   1.29  -1.03
195803   4.06   2.61   1.57   7.97   2.53   1.17   4.39   7.53   1.97   2.49
195804   3.42   4.31   1.34   5.16   0.09   2.69   2.97   7.52   5.08   3.15
195805   3.03   4.70   3.52   0.41   1.70   2.10   3.67   1.07   1.41   3.70
195806   2.98   2.45   2.33   4.82   3.65   1.63   2.06   3.23   2.16   3.27
195807   1.67   9.34   8.44   0.72   3.74   0.91   2.24   5.91   1.12   5.32
195808   3.14  -0.25   2.43   1.98   2.16   2.32   5.47   2.02  -1.04   2.84
195809   3.98  10.22   4.58   3.22   5.98   5.22   3.96  11.71   3.51   4.21
195810   2.66   1.86   2.95   1.23   4.88   1.32   1.98   1.02   4.24   3.62
195811   4.10   2.03   3.09   2.02   4.24   2.16   5.62   8.04   2.97   4.07
195812   3.09   3.05   5.09   1.23  12.84  13.61   5.29   4.65   5.98   2.87
195901   4.29  -0.17   1.02   0.49  -1.76   3.84   3.83  -0.62   1.24   1.80
195902   2.91  -1.32   3.69  -7.31   5.22   4.79   3.08   3.86   1.25   2.22
195903   0.30  -0.71  -0.29   2.07   2.44  -0.32  -2.21   4.23   1.65  -0.16
195904   2.72   9.69   4.08   1.65   8.20   4.68   1.68  11.92  -1.12   1.85
195905   1.41   6.24   4.02  -0.98   4.24  -1.00   2.33  -1.08  -1.07   0.33
195906   1.59   0.44   1.23  -2.61  -0.67  -1.52   1.60   6.54  -2.23   1.51
195907   3.57   8.02   3.79   4.93   0.31   0.43   1.71   4.71   3.86   0.46
195908  -0.54   3.24  -1.87  -3.11  -2.95   0.43   0.67  -3.49   1.38  -1.89
195909  -3.15  -4.31  -4.99  -6.87  -4.19  -0.99  -2.01  -5.00  -4.31  -3.86
195910   3.66  -1.11   1.54   1.13   4.95   0.84   1.00   2.38   0.88   0.94
195911   0.92   0.14   2.35  -0.41   8.92  -1.14   2.10   5.58   0.43   0.02
195912   1.14   5.89   2.16   4.19   3.39   4.43   2.60  -1.61   2.13   1.60
196001  -3.05 -11.34  -8.22  -7.35  -9.54   0.52  -5.91  -6.31  -2.08  -4.75
196002   2.90  -2.03   0.41  -3.36   5.45   9.06   3.60   0.28   2.78   0.20
196003  -1.70  -5.29  -3.62  -0.86   1.32   0.13   0.15   1.56   1.79  -1.71
196004   1.29  -2.09  -3.78  -4.19   0.63  -0.90  -0.18   1.66   1.37  -0.62
196005   6.33  -0.47   3.72  -3.35   9.68   3.49   2.97  13.76   1.53   0.79
196006   4.28   0.69   1.65   3.47   1.48  -0.36   4.10  -0.15   5.82   3.28
196007  -0.94  -0.51  -4.30   0.84  -4.29   0.22  -2.92  -4.05  -1.24  -2.24
196008   4.49   3.29   1.78   4.04   1.30   7.20   3.04   2.57   4.46   3.01
196009  -3.40  -5.34  -7.13  -1.12  -8.70  -5.86  -8.23  -8.69  -4.56  -5.58
196010   1.70  -1.04  -1.55   2.38  -3.37   0.05  -0.04  -3.55  -0.32  -0.78
196011   8.54  -0.70   4.76   3.46   7.02   4.26   6.46   3.93   3.78   6.31
196012   4.54  -0.23   3.87   5.23   2.99  12.29   2.17   6.22   6.42   4.86
196101   5.37   8.49   6.83   9.87   2.93   6.88   2.87   6.42   4.85   6.81
196102   6.57   4.45   5.13   0.59   2.80   0.19   4.97   5.37   3.67   5.71
196103   4.73   3.92   1.80   1.53   3.00   7.00   5.67   4.11   1.74   3.49
196104  -1.27  -1.00  -1.14   4.77   0.48   1.49   0.93  -0.42   1.86   0.54
196105   3.68   1.78   4.70   0.32   2.76  -1.07   3.99   2.20   2.50   4.45
196106  -1.21  -2.03  -3.10  -3.91  -3.37  -3.66   0.30  -3.65  -1.82  -4.40
196107   2.80   6.95   2.34   2.36   1.76   5.78   2.22   3.34   2.89   2.07
196108   5.11   1.92   2.12   0.05   4.53  -1.27   3.20   3.92   3.83   4.37
196109   0.06   5.51  -4.46  -6.07   0.05  -1.20   0.14  -1.54   1.41  -2.66
196110   3.30   0.37  -0.27   6.72   3.22   0.59   8.66   3.24   5.30   1.50
196111   5.79   9.70   2.95   4.68   3.03   8.85   4.86   3.57   3.38   4.00
196112  -2.91   2.07   0.19   3.57  -0.64   3.84  -0.24  -2.14  -4.26  -1.83
196201  -5.87  -0.81  -3.32   0.20  -4.99  -6.08  -8.66  -4.27  -2.60  -1.39
196202   0.33  -1.48   1.50   5.14  -0.07   4.22   1.69   3.48   2.66   1.07
196203  -1.07  -1.09  -0.57  -1.69   0.25  -2.92   0.71   0.51   2.01  -2.04
196204  -6.78  -4.34  -7.76  -3.46 -11.07  -4.10  -4.68 -11.18  -2.81  -7.22
196205 -11.10  -5.14  -8.40  -4.96 -11.33  -7.76  -9.16 -11.00 -10.52  -8.16
196206  -8.88  -6.57  -9.56  -4.61 -11.43  -8.55 -10.35 -12.64  -5.08  -9.12
196207   5.03   8.73   5.53   4.84  11.40   7.45   4.50   7.71   7.42   5.21
196208   1.04   3.78   2.37   1.30   3.45   1.86   4.15  -7.61   3.13   3.77
196209  -5.76  -2.93  -5.64  -1.76  -8.94  -6.06  -6.34  -4.29  -2.85  -5.87
196210  -3.35   2.19   1.43  -0.30  -0.24   2.74  -1.00   2.33  -1.09  -0.30
196211  12.24   7.22  13.08  10.43  14.64   6.86  11.24  17.74   7.62  14.35
196212   1.43   2.86  -1.15   4.79  -0.22   1.33   0.20   0.68   3.46   0.83
196301   6.13   6.42   6.29   2.91   5.65   4.26   4.01   5.85   5.23   5.80
196302  -3.05  -3.00  -2.54  -0.82  -5.09  -0.94  -0.42  -2.69  -1.45  -1.07
196303   2.51   7.49   2.73   7.06   2.62   1.99   2.16   1.25   1.80   2.09
196304   2.38   5.46   4.58   5.98   6.34   3.15   5.34   7.66   2.32   4.98
196305   2.02   7.82   2.07   0.02   4.26  -0.53   2.51  -0.19   1.03   4.39
196306  -1.39  -2.82  -2.39   1.11  -4.97  -1.87  -1.47  -1.27  -1.14  -1.70
196307  -0.50  -0.23  -1.40   2.45  -0.90   0.01  -0.50   0.23   0.84  -1.48
196308   4.87   6.55   6.32   3.72   4.87   4.35   5.79   9.59   4.13   5.80
196309  -1.65  -0.25  -0.89  -3.33  -0.01   2.45   0.32  -4.02  -2.47  -3.51
196310   2.88   9.83   2.42  -0.33   7.95   4.25   0.47   3.40  -0.67   1.18
196311  -1.23  -4.80   0.34  -1.52  -0.53   4.50  -1.46  -1.62  -1.09  -0.24
196312   2.71   0.30   1.92   4.51   2.85  -0.04   0.04   1.35   2.44   2.76
196401   0.81   1.27   2.78   4.61   2.93   3.67   2.66   3.58   1.40   1.08
196402   1.85   2.11   2.58   0.90   1.88  -0.19   1.97   1.43   0.85   5.68
196403   2.83   0.86   3.92   1.28   3.18  -1.08   2.38  -2.06  -0.76   2.21
196404  -0.55   1.87  -1.59   3.86  -3.49   1.01   2.94  -1.60   1.05   0.25
196405   1.51   1.10   1.75   2.08   2.67  -0.63   3.71   0.52   0.75   2.41
196406   1.63   0.70   0.87   0.61   0.52   5.69   3.83   0.41   2.23   1.04
196407   1.59   5.25   1.37   3.27  -1.64  -2.09   1.62   4.90   4.99   1.35
196408  -0.01   1.28  -1.23  -1.56  -2.61  -1.70   0.14  -4.11  -0.05  -3.04
196409   1.80   5.06   4.76   3.29   1.44  -1.13   3.31   2.96   1.89   4.07
196410  -0.07   0.27   0.50   2.98  -1.12  -1.05   2.54   2.86   0.89   0.88
196411   0.62  -1.41  -0.55   2.35  -0.35  -2.56   3.03   2.07   1.38  -1.85
196412   0.19   1.67  -0.70  -0.46  -0.08   3.68  -0.04   4.40   0.52  -1.62
196501   6.03   3.79   5.45   0.49   7.42  -0.34   3.58   7.54   3.95   4.28
196502   1.70  -0.51   2.69  -3.19   2.04   1.19   1.52   2.46   0.40   2.57
196503  -0.70   1.53  -0.94  -3.04  -0.41  -2.11  -0.79  -0.98  -0.55   0.23
196504   4.19   7.06   4.12   0.81   5.26   2.56   6.98   2.96   0.66   2.27
196505  -0.82  -3.47  -0.65   0.88   0.40   3.04   0.22  -1.19  -0.94  -1.34
196506  -5.34  -6.91  -6.31  -2.01  -5.95  -3.77  -6.06  -5.45  -3.70  -6.85
196507   1.77   2.20   2.43   1.78   3.72  -0.61  -1.28   4.02   1.05   3.34
196508   4.10   3.26   3.37   1.58   5.83   1.32   2.32   6.66   0.99   5.16
196509   0.45   7.08   3.92   4.27   5.47   0.93  -0.70   2.33   1.38   2.15
196510   2.74   6.31   4.57   1.44   5.41  -2.20   0.74   3.19   1.06   4.25
196511   1.20  -4.08   1.56   0.66   2.82  -4.56   1.58   3.49  -1.00   4.01
196512   1.39   1.19   3.20   0.13  -1.41  -0.80   1.29   3.91  -0.46   3.51
196601   2.33   0.53   3.07   1.14   1.65  -1.56  -3.40   2.48  -3.02   5.11
196602  -0.41  -1.55  -0.56  -3.61   5.25   0.86  -1.64  -1.47  -4.18   2.30
196603  -2.44  -3.09  -1.89  -2.17  -0.58  -5.11  -2.31  -1.67  -0.15  -2.52
196604   0.40   0.18   3.18   3.07   7.69   1.48   3.47   0.16   1.17   2.87
196605  -5.09  -8.23  -5.84  -3.74  -6.52  -2.96  -3.29  -5.36  -2.98  -7.68
196606  -1.84  -2.00  -0.93  -2.49   0.15   0.69  -2.33   1.16  -1.72   0.90
196607  -0.97  -2.42  -1.54   0.30  -1.73  -1.42  -1.59  -1.68  -0.18  -2.19
196608  -7.29  -7.55  -8.07  -6.48  -5.55  -4.46  -6.91  -8.04  -8.66 -11.84
196609  -1.45  -0.95  -3.34   3.92  -1.72  -0.38  -2.13  -1.15   4.43  -1.36
196610   4.30   0.59   2.36   8.52  -0.17   9.00  -0.53   4.75   9.89   2.62
196611   2.25  -3.48   2.82  -1.50  11.40  -2.66   0.81   6.94  -1.45   7.49
196612   0.52  -2.62   1.47  -0.71   0.16   2.90  -3.34  -0.18   2.19   2.28
196701   9.50  12.12  11.40   3.75  10.59   5.88  11.45   6.51   2.78  12.55
196702   2.42  -1.00   1.14  -0.07   5.93   1.68   2.97   1.46  -1.74  -0.18
196703   4.96   4.31   5.89   3.72   5.33   3.20   4.27   7.81   1.52   4.48
196704   4.39  11.09   3.72   1.74   7.97  -0.24   9.62   4.40   1.92   1.97
196705  -2.23  -7.49  -3.34  -2.17  -4.60  -6.09  -4.63  -5.28  -4.15  -1.51
196706   3.08   1.37   2.31   2.43   6.53   3.12   3.75   5.44  -1.46   4.25
196707   5.94  10.96   5.16   6.65   3.78  -7.07   5.78   3.78   2.31   8.27
196708  -1.31   0.14  -0.47  -1.80  -1.04  -1.45   0.83   0.68  -0.83  -1.15
196709   2.97   4.96   3.46   4.16   8.09   1.54   2.16   2.93  -0.04   2.03
196710  -2.56  -4.81  -3.36  -1.09   4.87  -3.51   1.04  -5.01  -5.41  -4.93
196711   0.69  -0.68   0.05   1.08   1.26   0.39   0.15   1.32   3.18   0.21
196712   3.33   0.90   5.34   3.24   2.46   0.38   3.74   1.52   3.26   5.42
196801  -0.31  -5.28  -6.06  -0.38  -8.31   2.58   1.30  -6.54   0.50  -1.90
196802  -2.94  -2.22  -4.11  -2.86  -4.37  -2.78  -0.81  -4.23  -1.45  -2.84
196803   0.55   0.58   0.30   0.57   3.99  -1.15   2.68   0.15  -4.12  -0.76
196804  11.04  12.05  10.66   5.97  12.45   2.33  12.27  11.82   2.99  12.33
196805   5.48  -0.43   3.24   1.16   3.83  -0.67   3.83   3.35   0.60   5.84
196806   1.09  -1.51  -0.27   2.15  -1.85   3.73   0.31   2.21   8.33   2.69
196807  -3.61  -2.78  -3.82   5.15  -5.43  -0.04  -4.54  -4.13   0.15  -2.95
196808   2.54   1.10   3.43   1.33   0.53   1.63   2.52   0.67  -0.85   2.74
196809   4.93   6.73   4.78   3.54   2.86   3.35   7.53   0.83   0.30   8.71
196810   1.15   4.79   1.13   2.38  -5.04   2.91   0.83  -0.04   0.49   1.36
196811   4.63  -0.70   5.74   5.61   8.53   5.96   5.14   8.14   8.75   7.64
196812  -1.11  -4.36  -3.49  -2.61  -5.40  -6.92  -3.82  -1.04  -2.84  -3.37
196901  -0.90  -1.86  -0.38  -1.10  -4.65   1.25  -0.90  -0.26   2.39   0.66
196902  -6.72  -3.29  -5.77  -4.47  -3.56  -3.60  -4.06  -5.14  -5.20  -8.28
196903   0.71   5.03   2.53   6.92   5.43  -0.21   4.94   3.35  -1.27   0.89
196904   0.83   1.22   1.32  -0.34   3.92   8.11   4.06   5.00   1.35   1.57
196905   1.33   0.02  -0.79   3.51  -1.68   1.33   0.44   1.65  -0.01  -1.30
196906  -7.06  -5.89  -6.91  -9.64  -0.05  -4.27  -6.31  -5.09  -5.71  -9.88
196907  -6.70  -7.03  -5.44  -9.65  -5.41  -4.54  -7.47  -2.72  -3.01  -9.73
196908   4.42   2.92   4.23   6.49   7.07   1.80   8.30   9.23  -1.23   8.95
196909   0.24  -0.42  -2.01  -9.50   0.23  -4.10  -1.04   2.17  -4.15  -0.41
196910   8.41   3.75   6.91  -1.04   5.77   3.60   7.24   8.97   8.21   7.85
196911  -2.66  -4.55  -3.20  -4.54  -1.78   1.55  -4.09   0.29  -5.28  -5.72
196912  -1.99  -3.57  -1.40  -3.04  -0.75  -5.79  -3.05   4.27  -0.63  -3.51
197001  -4.07  -8.19  -7.37 -11.62  -9.04  -2.95  -6.01  -7.09  -4.14  -8.49
197002   4.45   5.77   5.17   5.50   2.97   8.32   6.00   5.51   8.30   9.42
197003  -0.85   5.21  -0.40  -0.44  -2.58   2.21  -1.37  -5.09   2.80  -1.75
197004 -10.17  -8.61  -8.96  -9.09 -14.33  -9.00 -10.91 -10.16  -8.01 -13.92
197005  -7.35  -6.22  -7.56   2.74  -9.54  -3.94  -9.18  -7.74  -5.39  -7.99
197006  -1.47  -3.64  -4.86  -2.48 -11.76  -8.76  -3.96  -0.54  -4.67  -6.73
197007   6.35  10.48   5.04  12.57   2.41  10.75  10.89   2.13   8.61   7.77
197008   1.46   8.19   4.60   6.51   8.01   2.25   4.82   1.83   4.70   5.07
197009   5.70   2.70   4.07   3.15  10.15  -0.69   7.67   8.01  -0.49   7.44
197010   0.70  -1.85  -3.14   3.02  -3.52  -3.91  -1.48   0.28  -0.83  -5.78
197011   4.98   7.10   3.88   4.82   4.09   5.95   6.34   2.91   9.36   4.06
197012   7.25   6.21   7.92   2.33   4.43   7.33   5.39   5.36   7.11   8.27
197101   4.84   3.62   5.91   0.35   5.44   9.67   7.76   4.86   3.00   8.18
197102   3.78   2.28   1.20   4.79   2.77  -5.43   3.79   1.35  -2.51   2.31
197103   4.56   3.35   4.12   2.77   8.08   0.65   6.16   3.68   2.36   6.07
197104   2.13   8.89   4.21   4.35   2.36   0.97   4.60   4.24  -3.46   4.36
197105  -3.02  -4.56  -2.22  -4.67  -6.11  -5.38  -2.20  -2.12  -3.73  -4.49
197106  -0.15  -0.62   0.36   1.08  -2.16   1.24   0.15   2.01   4.21  -1.17
197107  -2.11  -5.23  -4.86  -2.35  -8.59  -3.82  -3.18  -2.19  -2.17  -3.72
197108   3.10  10.82   6.32  -1.21   5.70  -0.11   6.12   3.17  -2.29   7.03
197109  -0.01  -0.08  -0.28  -1.75  -1.55   0.37   0.73   0.65  -1.51  -0.35
197110  -4.41  -5.14  -6.07  -4.08  -4.37  -2.21  -3.74  -2.46   2.04  -3.76
197111  -0.34   0.18  -1.00   0.09   1.78   0.38   0.05   0.71  -1.14  -0.52
197112  10.47   6.17   9.93   8.77  11.25   7.82   9.84   7.76   8.12   8.50
197201   2.50   3.27   3.28   0.23   8.41   1.08  -0.06   2.65  -0.29   3.68
197202   4.60   0.43   4.94   2.64   1.87   0.35   5.95   7.12  -2.54   2.02
197203   0.15   4.45   2.49  -5.56   1.09  -0.46   2.05   0.47  -0.10   2.47
197204   1.90  -0.66   1.99  -0.48   0.74  -0.90  -0.48   1.10  -2.75   1.84
197205   0.41  -1.23   1.93   3.75   3.71   1.58   1.06   3.71  -0.18  -0.33
197206  -1.06  -2.86  -2.30  -1.12  -2.54  -2.60  -4.19   2.50  -1.54  -4.51
197207  -1.62  -1.94   0.47  -1.25   0.95   0.80  -2.56   3.11   0.05  -2.57
197208  -0.12   3.94   2.30  12.58   2.86   5.32  -0.14   1.03   5.87   3.44
197209  -2.61  -0.91  -1.22  -0.18  -1.16   4.55  -0.64  -0.45   0.20  -1.52
197210   0.04  -2.37   1.15   3.18  -3.30   2.22   1.06   1.49   6.79   0.68
197211   6.83   8.29   4.34   6.16   2.50   6.96   6.23  -0.52   6.35   5.05
197212   0.54   1.80   0.80   0.99   1.99   1.85   1.58   3.72  -1.49  -0.62
197301  -4.73  -6.61  -3.81   5.12   1.93  -2.01  -4.40  -1.21  -4.26  -7.47
197302  -4.36  -5.97  -2.35  -7.34  -3.03  -5.08  -6.29  -0.70  -1.98  -6.35
197303  -0.99  -2.84  -0.13   3.23  -1.23   0.65  -5.49   0.77  -2.17  -0.46
197304  -6.18  -4.98  -4.51  -0.96  -6.70   0.82  -8.18  -5.49  -0.57  -7.80
197305  -2.07  -4.43  -1.16  -3.32  -2.58  -0.51  -2.03   1.05   0.31  -5.14
197306  -3.47  -2.50  -0.34   1.60  -0.09  -0.35  -5.52   0.01  -2.47  -0.22
197307   7.44   7.14   6.61   0.18   4.97  -0.53  11.10   6.88  -2.40   9.23
197308  -3.29  -3.97  -1.51  -3.85  -3.67  -4.58  -4.21  -6.93  -2.08  -2.39
197309   5.86   7.66   4.49   9.67  -2.82   8.71   7.48   0.77   7.89   7.10
197310  -2.29  -4.55   0.30   4.99   3.82  -6.35  -2.93   1.80  -3.33  -0.83
197311 -14.23 -16.13 -14.35  -6.30 -11.46  -4.38 -18.74  -7.78 -11.60 -13.01
197312  -1.63  -3.94   1.11   8.98  -4.31   5.27   0.09  -4.51   3.44   2.58
197401   2.38   6.55   0.56  -7.93   1.25   1.33   6.57  -2.51   4.51   1.22
197402  -0.07  -0.89  -0.06  -1.57  -0.59   5.02   1.30  -1.21   0.28   0.93
197403  -1.85   0.12  -0.68  -3.31  -2.77  -4.43  -2.84   1.22  -3.57  -3.69
197404  -3.73  -3.98  -2.04  -6.14  -3.69  -5.29  -2.30  -1.49 -12.28  -6.46
197405  -2.84   0.54  -2.44  -7.21  -4.31  -1.18   0.88  -0.14  -4.91  -8.41
197406  -0.57  -2.52  -0.38  -0.25  -2.94   0.66  -2.92  -1.61  -6.10  -5.25
197407 -10.26 -11.73  -7.24  -0.69  -8.48  -8.58 -12.69 -14.05   0.72  -6.52
197408 -10.25  -6.77 -10.20  -8.30  -4.85   0.79 -12.89  -8.11  -8.55 -10.46
197409 -12.15 -12.60 -12.71  -7.85 -16.78  -4.16 -12.26 -15.55  -1.30  -9.29
197410  15.66   4.06  15.98  21.26  14.78  11.73  10.87  29.48  12.92  19.84
197411  -3.82  -4.65  -5.94  -3.98  -4.92  -3.45  -5.35  -1.20  -0.09  -2.76
197412  -0.58  -3.85  -4.56   0.90  -5.29   1.99  -3.99  -3.39  -0.80  -4.05
197501  18.75  21.56  14.66   6.10  15.27  10.69  26.72  -0.57  18.79  17.17
197502   4.11   4.65   8.04   2.26  13.17   5.39   4.84  16.02   0.92   2.85
197503   6.97   6.80   5.07  -2.14   0.98  -0.82  10.31   1.31  -1.30   4.11
197504   3.03   4.21   9.56   7.09   5.51  -0.73   2.82   0.72  -1.59   3.20
197505   5.31   2.43   2.70  12.45   5.87   3.54   4.26   6.49   8.41   5.63
197506   5.27  10.34   3.48   6.02   2.28   4.13   7.21   0.92  10.78   6.07
197507  -5.39  -2.04  -5.89  -4.08  -9.39  -4.41  -7.35 -12.03  -4.76  -6.13
197508  -3.01  -3.53  -0.75  -0.96  -2.96  -3.71   0.19  -3.32  -1.31  -5.28
197509  -2.67  -2.32  -5.74  -1.17  -0.85  -1.24  -3.81  -6.51  -0.95  -6.13
197510  10.56   9.00   5.65  -1.42   8.38   7.11   9.64  10.66   6.51   3.84
197511   4.06   3.52   3.06  -1.75   5.02   4.05   4.23   5.15   3.11   3.61
197512  -1.49  -0.49  -1.39   0.18  -1.23   0.16  -2.96  -6.34   1.33  -0.17
197601  10.94  15.56  16.76   8.33  18.31   9.51   9.74   7.77   8.38  12.65
197602  -1.07   3.75   1.81  -3.25   1.19   3.33   4.44  -6.47  -3.48   3.05
197603   0.65   3.61   1.11   7.39   2.98   0.57   3.79   6.50   1.41   1.83
197604  -1.68   1.74  -1.46   2.23  -3.40   2.03  -4.25  -4.30   0.64  -1.54
197605  -2.14  -3.28  -1.22   5.38   0.54  -3.06  -5.55  -2.80  -1.35  -1.58
197606   3.66   4.15   3.66   5.19   8.21   3.75   1.17   3.65   4.24   5.48
197607   1.57  -1.07  -1.83  -0.66  -2.21   1.29  -2.42  -0.40   2.82   0.05
197608  -0.31  -1.32  -1.70  -0.88  -0.82   4.52   2.89   2.15   2.91  -1.08
197609   1.50   4.56   1.14   6.20   2.88   1.70   0.54   3.62   4.08   0.89
197610  -1.59  -1.20  -3.32  -2.37  -4.49   1.41  -0.32  -3.75  -0.83  -0.61
197611   1.74  -0.74  -0.44   0.94   1.65   2.61   4.43  -9.67   3.17   2.23
197612   5.22   9.58   5.92   6.20   3.83   3.49   2.79   6.26   6.57   8.16
197701  -3.99  -4.26  -5.91   0.29  -3.88  -0.20  -7.12  -8.82   0.81  -3.98
197702  -1.42  -3.55  -0.77  -2.89  -0.64   1.28  -1.74  -0.22  -3.40  -1.73
197703  -1.35  -3.41  -0.44  -2.10  -0.05  -1.05  -2.61  -1.75   0.17  -0.05
197704   0.47   3.10   0.54   2.62  -3.47   0.42  -3.33  -5.15   1.95   2.29
197705  -0.90  -0.57  -2.96  -0.39  -1.48   1.40  -3.02  -1.88   1.67  -0.58
197706   4.54   4.22   3.36   6.06   7.79   1.55   6.05   9.03   5.73   5.23
197707   1.24  -2.35  -3.53  -1.90  -0.15  -0.71  -0.79  -2.24   0.88  -0.13
197708   0.10  -0.78  -1.14  -5.73   0.50  -2.33   4.39   3.79  -3.26  -1.37
197709   0.20   1.66  -1.04   0.74  -1.79   3.87  -0.87  -0.83   2.00   0.01
197710  -3.36  -4.43  -4.56  -3.52  -3.19  -5.37  -2.99  -1.69  -3.15  -4.32
197711   4.59   1.83   4.34   3.40   5.21   2.18   5.60   6.02   4.28   6.28
197712   0.00  -0.61   0.71   1.69   2.39   2.32  -1.36   0.60  -0.31   0.67
197801  -5.25  -6.83  -5.97  -6.91  -4.72  -4.21  -7.10  -1.81  -4.59  -4.86
197802   0.15   0.40  -2.65  -1.08  -3.49   4.59  -0.63  -3.00  -0.39   0.01
197803   4.16   5.97   3.96   2.03  -0.70   2.83   2.77   4.17   2.50   5.27
197804   6.85   9.56  11.46   6.92  13.32   3.21  11.17   9.18   0.26   9.08
197805   4.33  -0.08   4.06   0.89   1.63  -0.50   0.77   5.28   0.72   2.72
197806  -0.27  -2.88  -1.37  -3.85  -0.34  -1.56  -1.69   1.09   0.83  -0.21
197807   3.59   4.48   7.87   3.38   8.59   1.45   5.54   8.87   2.75   6.24
197808   4.12   2.66   3.90   5.17   6.01   3.56   5.67   1.02   0.48   6.28
197809  -0.42  -0.29  -2.15   4.64  -4.16   1.49  -2.73  -2.76  -0.24  -1.14
197810 -11.50 -11.07 -11.32 -10.63 -10.80  -4.70 -13.81 -12.89  -7.11 -13.98
197811   2.28   0.72   3.03   6.13   5.07   3.38   2.21   5.16   3.09   2.46
197812   1.71  -0.39   1.46   2.79   6.43  -0.05  -0.82   3.39  -1.23   1.37
197901   4.16   4.64   6.52   3.41   4.29   3.82   6.31   1.43   6.32   5.78
197902  -3.47  -3.30  -4.47   0.32  -3.28  -0.68  -4.20  -4.49  -1.62  -3.22
197903   4.07   6.29   7.37   9.12   7.61   0.30   5.70   5.08   2.40   8.13
197904   0.21   2.98  -0.46   4.26   0.32  -2.55   0.70   0.46  -2.73   1.58
197905  -1.81  -0.74  -2.24  -2.59  -1.96   0.18  -2.74  -2.67   1.45  -0.18
197906   3.22   3.02   3.60   9.15   0.48   2.14   2.78   4.82   4.97   6.87
197907   2.10   1.65   1.99   1.83  -1.52  -0.23   0.92   0.13   2.13   3.39
197908   7.56   4.67   7.62   7.94   5.93   1.63   8.86   8.57   2.06   5.72
197909  -1.93   0.40  -0.78   5.82  -1.79  -2.42  -0.80  -0.52  -2.14  -0.74
197910  -7.64  -9.38  -8.81  -2.45  -7.74  -4.80  -9.09  -4.39  -5.78 -10.01
197911   5.17  -2.89   4.75   8.97   8.15   4.06   3.77   8.74   7.81   6.99
197912   3.37   3.56   4.50   2.65   1.79  -1.37   3.10   2.13  -0.91   3.99
198001   3.14   8.75   7.10  14.03   7.38  -2.47   1.37  -1.31   1.62   5.30
198002  -4.81  -6.26  -2.49  12.45  -3.55  -1.08  -4.52  -4.56  -3.35  -3.42
198003  -8.23  -8.51 -11.76 -17.76 -12.69  -2.77  -8.68  -2.84  -6.69 -12.10
198004   6.46  -1.56   3.25   6.71   0.73   7.26   3.21   4.30  11.93   6.02
198005   7.87   4.21   6.27   4.08   4.78   4.86  10.71   6.95   4.59   7.92
198006   2.94   2.98   2.26   5.73   3.04  -0.83   2.07   0.28   4.59   5.22
198007   7.69  11.50  10.87   1.75  15.48   0.94  10.29   8.87  -0.15   6.70
198008   1.43   1.56   1.64   3.78   3.64   5.57   1.78   0.31  -1.23   2.83
198009   0.19   0.73   2.79   6.84   1.98  -1.54   0.57   3.61   0.04   3.85
198010   0.33  -1.39   0.27   7.84   1.95  -2.82  -1.26  -1.25   2.05   1.39
198011   1.01   4.29   8.25  24.54   9.77  -0.05   2.58   8.61   7.64   7.27
198012   1.01  -1.14  -1.98 -10.82  -1.18   0.08  -1.34   4.72  -1.93  -0.72
198101   2.03  -1.58  -1.82 -10.43  -8.02   6.23   0.98  -1.57  -2.57  -2.58
198102   2.50   6.17   4.33  -0.41   0.48   2.29   2.94   1.89  -1.33   1.61
198103   6.94   7.08   5.97  -2.44   4.98   1.41  12.28   5.82   3.03   8.30
198104   1.11   1.64  -0.88  -7.30   0.12   6.37   2.66   3.06  -2.58   1.05
198105   2.64   2.91  -0.29  -3.92   4.21   7.32   2.58   3.46   1.75   2.50
198106  -0.26  -4.02  -1.30   4.67  -6.67  -2.28  -1.72  -5.59   3.15  -0.77
198107  -0.60  -3.11  -2.78   7.94  -3.78   0.05  -3.62  -3.86   3.00  -2.33
198108  -5.08  -7.50  -6.89  -6.52  -7.25  -1.34  -5.30  -7.73  -0.61  -5.29
198109  -2.15  -3.13  -7.08 -12.23  -3.88   2.95  -4.29  -1.27  -5.32  -5.33
198110   7.59  -3.79   3.67   9.96   5.13   5.35   6.51   8.00   4.98   7.44
198111   2.69   4.67   4.53   6.85   1.54   2.53   1.30   3.58   5.76   4.77
198112  -1.80   0.21  -1.62  -6.38  -0.01  -1.51  -2.08  -0.79  -2.27  -3.52
198201  -0.91   1.01  -3.27  -8.52   2.81   0.78  -0.24   1.40  -0.50  -3.08
198202  -1.92  -1.80  -5.66 -10.96  -5.24  -5.55  -1.40  -1.78  -0.15  -3.59
198203   2.43   4.13  -1.69  -3.54  -3.55   2.41   3.84  -2.55   1.62  -1.36
198204   6.61   4.69   3.19   4.51   7.39  -0.84   5.17   7.32   3.82   4.01
198205  -3.20  -1.57  -4.66   2.35  -5.43  -1.04  -3.01  -3.05  -0.56  -5.48
198206   1.73   2.76  -2.54  -6.46  -2.31  -2.55   2.93  -0.73  -2.21  -2.44
198207  -0.46  -0.26  -2.25  -8.09   1.52   1.18   0.33   0.83  -2.75  -3.12
198208   9.16  13.31  13.95   9.78  12.82  10.84  12.85  12.33  11.92  10.59
198209   5.24  -0.52  -1.00   2.13   1.17   1.05   4.39   1.28   1.23   4.18
198210  10.27  16.49  13.01   5.67  17.03   8.19  16.62   8.62   4.87  15.20
198211   5.09   8.12   5.88  -4.24  10.70   6.01  10.95   5.46   0.12   7.50
198212   0.83   3.23   0.67   5.31   2.64  -1.23  -1.26   0.57   4.25  -1.38
198301  -0.96   4.85   4.94   3.68   8.43  12.33   1.37   1.42   3.56   2.84
198302   3.72   3.27   4.09  -0.22   3.55  -0.29   8.12   2.87   1.42   4.47
198303   7.42  -0.67   2.10   5.77   0.66   0.71   8.15   4.49   0.32   5.09
198304   6.25  11.06   6.34   9.47   7.51   5.12   8.83   4.97   4.72   8.33
198305  -0.98  -2.10   2.01   1.21   2.71  -1.28   0.49  -2.60   2.54   2.54
198306   2.92   9.90   1.54   6.74   6.13   0.23   5.45   6.79  -0.42   1.93
198307  -2.72  -3.42  -2.55  -2.51  -5.33  -5.18  -3.36  -5.67   1.02  -3.38
198308   0.71  -2.66   0.72   7.33  -1.08   2.20  -4.94  -1.10   1.63  -0.71
198309   4.79   4.55   2.31  -4.94   2.11   2.26   2.47   1.17   4.64   1.69
198310  -0.21   0.68  -2.25  -2.21  -6.91  -5.20  -1.49  -2.15   3.07  -3.72
198311   2.30   3.98   6.45  -0.44   2.25   3.15   4.42  -3.03  -1.63   4.41
198312  -0.27   1.07  -1.13   1.73   0.39  -1.53  -4.54  -3.67  -3.60  -0.93
198401  -0.66  -5.29  -3.52   9.83  -6.17   4.07  -5.87  -0.53   1.56  -1.29
198402  -5.49  -6.13  -6.66   3.73  -5.92  -3.69  -4.80  -2.09  -3.34  -4.50
198403   1.64   0.40   3.33   0.24   1.75  -4.21   1.34  -0.71  -0.18   2.42
198404   0.54   1.16  -0.11   4.17  -0.43   2.16   0.05   2.50  -0.27  -1.92
198405  -2.58  -5.25  -5.76  -5.20  -5.56  -3.49  -5.52  -6.69  -0.84  -6.63
198406   6.31   2.02   3.24  -2.06   1.78  12.06   6.92   3.93   0.53   2.40
198407  -1.60   2.21  -1.38  -6.94  -2.29   2.88   0.24  -4.15   0.01  -1.80
198408   8.73   9.83  11.85  13.61  13.85   7.15   9.86  10.21   7.68  10.58
198409   1.27  -0.19  -2.29   2.03  -3.90   4.04   0.31  -4.23   4.83   2.29
198410   1.26   2.12   0.87  -4.42  -0.56  -3.52  -0.63   1.65   3.29   0.79
198411   0.39  -3.06  -1.25  -1.01  -3.83   0.45  -2.54  -0.35   3.09  -0.27
198412   2.75   4.54   2.61  -0.55   2.40   5.33   1.13   2.71   2.63   3.45
198501   5.21  10.07   8.97   6.43  12.51   5.26  13.01   8.56   2.29   9.61
198502   5.14  -1.44   0.96   3.66  -1.30   3.37   2.15   3.32   1.44   2.18
198503   4.53  -5.42  -2.73   1.57  -6.06   4.44  -0.87   2.86   6.08   0.19
198504  -2.04  -3.61  -1.40   3.88  -3.64  -0.71  -0.08  -1.70   1.61   1.59
198505   7.93   5.22   6.39   0.94   2.88   8.35   9.42   9.50   5.47   6.21
198506   2.66   1.46   2.19  -0.66  -0.72   4.50   1.60   2.23   3.66   3.07
198507  -2.49   2.31   3.47  -0.18   4.46  -4.54  -3.70  -0.42  -4.70  -0.11
198508   0.80  -2.54  -1.12   1.18  -2.52   0.51  -1.08  -0.79   2.09  -0.10
198509  -0.93  -3.34  -3.98  -1.59  -4.73  -4.18  -4.48  -3.88  -5.29  -4.44
198510   3.64   0.91   3.29   6.40   3.01   4.06   6.70   3.19   6.31   6.34
198511   8.35   9.94   8.02   0.53   8.65   7.38   8.06   9.32   4.22   6.77
198512   5.36   7.13   4.51  -2.62   8.34   6.11   4.56   3.49   4.84   3.91
198601   2.20   2.16   1.55  -6.75  -0.30  -3.78   1.86   1.14   3.76   3.18
198602  10.59  10.92  10.31   0.62   4.93   7.39   7.66   6.08   6.55   8.46
198603   8.06   7.82   6.05  -0.11  -0.09   3.78   8.59  12.02   4.12   5.41
198604   0.24  -3.35  -1.72   0.70   3.83   2.43  -0.24   0.72  -3.53  -2.24
198605   8.70   3.26   4.50   7.08   0.96   4.78   9.66   7.25   3.77   4.68
198606   6.11  -1.21  -0.06  -1.96  -3.87   5.42   3.25   5.63   5.22   1.73
198607  -5.61  -9.07  -7.32  -5.46  -8.33  -3.02  -9.51  -5.42   5.19  -5.91
198608   3.01   7.51   6.27  16.36   6.95   6.88   2.11   3.95   7.92   6.85
198609 -10.89  -8.19  -6.76  -0.43  -6.94  -9.30  -8.50 -13.95  -9.10  -8.52
198610   8.81   6.51   6.58   2.05   0.59   4.66   7.65   7.66   5.25   3.61
198611   0.65   4.79   2.86   2.99   3.53   3.94   1.70   1.13   0.53  -0.59
198612  -3.33  -2.32  -1.92  -0.14  -3.69  -3.72  -6.23  -1.57  -3.31  -2.31
198701  15.19  18.72  14.52  14.23  16.31   5.34  10.92  12.84   9.26  10.72
198702   5.19   3.50   4.87  -1.93   9.43   0.05   9.54  11.17  -2.18   5.10
198703   0.32   4.64   3.31  12.38   2.66   1.43   1.75   0.14  -1.64   0.49
198704  -3.78   3.95  -1.30   0.08   4.40  -2.41  -3.07  -2.43  -4.31  -3.77
198705   2.15  -1.40   0.24   2.90   0.28   3.34  -0.53   1.20  -1.84   0.11
198706   6.51   3.05   4.91   5.33   0.02   6.92   6.33   4.65   3.38   4.06
198707   5.92   7.01   6.90   3.93   0.98   7.27   5.67   5.75  -1.67   3.01
198708   4.68   5.65   2.89   1.90   7.36   5.22   3.25   1.95   3.71   3.75
198709  -2.41  -4.04   0.22  -3.90  -2.71   3.10  -6.01  -2.49  -2.29  -1.94
198710 -21.24 -26.91 -27.25 -18.73 -25.83 -13.53 -28.48 -20.43  -6.91 -22.20
198711  -8.80  -8.60  -5.17 -10.96  -9.81  -8.68  -8.42  -9.26  -2.49  -6.20
198712   7.24   8.59  10.78   6.64  11.80   4.69   8.12   5.29   0.60   5.09
198801   2.75   4.55   0.28   8.72  -2.43   8.62   5.81   6.36   9.75   6.96
198802   6.56   6.32   7.55   3.79   7.45   1.71  10.47   4.21  -1.46   3.78
198803  -1.20  -4.13  -1.28   2.89  -4.70  -3.28  -0.95  -2.57  -3.16  -1.52
198804  -0.18   2.83   1.57   4.34   2.57   0.39   1.69  -2.02  -0.28   0.03
198805  -0.99   1.28  -0.37  -0.26  -1.33   1.63  -1.50  -0.26   3.64   1.12
198806   2.90   8.20   7.52  -1.95   9.36   2.91   6.79   2.65   3.15   5.57
198807   1.24   0.02  -2.31   3.49  -5.10   0.02  -0.77   0.55  -0.28  -0.42
198808  -0.30  -6.34  -4.37  -1.49  -8.17  -3.05  -2.67  -1.10  -0.14  -0.62
198809   6.61   3.68   3.52  -2.39   2.77   7.36   8.05   3.84   2.70   3.81
198810   8.31   3.15   0.69   1.82   0.00   2.80   1.70   1.22   2.53   0.11
198811  -1.15  -0.91  -2.15  -0.30  -3.13   0.34  -2.77  -2.18  -0.50  -2.03
198812   3.23   0.40   3.04   1.82   4.89   1.62   1.38   1.81   1.06   0.94
198901   5.59   7.28   7.44   6.32   7.10   8.96   6.41   6.79   2.70   6.69
198902  -1.48  -2.81  -1.97  -1.32  -3.77  -1.22  -1.74  -1.15  -1.83  -0.21
198903   5.55  -1.59   1.20   3.81  -5.49   5.56   2.84   4.84   0.58   3.13
198904   5.76   0.38   5.37   2.61   5.21   9.63   5.35   5.39   3.88   4.62
198905   5.46   2.11   3.52   2.83   2.39   5.75   5.32   3.41   5.32   3.88
198906   1.43   1.39  -2.67  -0.96  -3.25  -0.02  -1.99  -2.73   3.35   0.81
198907  11.91   5.11   7.51   3.76   2.84   8.57   9.14  13.33   5.76   7.70
198908  -2.02   5.40   4.38   3.33   2.52   1.02   2.71   0.37  -0.79   3.47
198909  -0.53  -4.59  -2.49   1.42  -2.73   3.81  -2.29   2.38   0.44   1.66
198910  -2.47  -5.71  -4.32   0.45  -4.48  -2.03  -4.07   0.36   1.06  -4.60
198911   1.66  -1.18   3.01   3.91  -1.83   2.00   1.35   4.53   3.25   0.06
198912   1.34  -1.45   2.90   5.83  -1.11   5.73   1.25   1.04   4.80  -1.25
199001  -9.42  -3.52  -6.23  -4.14  -1.18 -13.40  -6.23  -7.36  -5.37  -8.36
199002  -0.41   5.13   2.46   2.98   4.07  -0.34   1.94  -2.06   0.22   2.57
199003   4.56   2.90   3.88  -0.50   4.50   4.18   5.28   3.86  -0.76  -0.24
199004  -0.28  -4.03  -2.65  -3.57  -1.98  -3.46  -1.87   0.29  -5.47  -3.36
199005   9.05   7.76   8.05   5.91  12.48   9.40  11.66  12.75   5.45   8.85
199006   2.06  -2.25  -0.49  -2.03  -1.23  -4.70   1.60   4.43   0.70  -1.61
199007  -0.80  -3.48   0.47   8.21  -7.51  -4.59  -4.01   2.59   0.87  -3.46
199008  -7.37 -14.24 -11.89  -1.23 -11.98 -10.67 -12.11  -6.82  -6.65 -11.21
199009  -4.09 -10.58  -8.09  -1.58  -6.66   1.30  -8.25  -4.34   0.55  -9.85
199010   2.50  -3.21  -1.49  -4.14  -3.31   2.80  -3.03   1.43   7.28  -5.83
199011   6.54   4.11   7.15   1.65  11.25   3.10  10.30   9.45   2.27  10.28
199012   4.41  -0.44   4.86  -2.18   4.15   1.75   3.39   2.75   0.76   5.38
199101   5.14   7.29   6.56  -2.00  15.11   0.18   9.41   4.53  -1.37   7.35
199102  10.27  10.24   5.84   8.33   6.38   3.41   8.04   9.84   4.84   9.55
199103   4.79   1.16   1.48   1.30   0.72   2.28   8.61   5.43   1.69   3.10
199104  -0.97  -2.35   0.34   2.48  -2.90   1.13   1.95  -1.12   0.07   1.33
199105   3.59  14.72   7.43  -1.41   3.57  -1.45   7.53   4.61   0.16   4.95
199106  -4.95  -4.46  -4.21  -3.66  -8.84  -1.90  -4.17  -4.16  -2.37  -5.16
199107   5.64  -0.41   3.46   4.87   4.76   3.17   5.39   8.44   3.96   4.77
199108   5.40  -2.13   1.92   1.73   2.84   0.84   3.68   2.86   3.54   3.06
199109  -3.28  -2.68  -2.24  -0.70  -1.23   0.55  -3.24  -0.41   3.76  -0.54
199110  -0.65  -1.99   1.26   2.00   2.08   2.11  -1.96   6.64   1.26   2.34
199111  -0.52  -7.97  -5.32  -7.62  -4.36  -4.92  -1.21  -2.56   1.87  -5.25
199112  14.62   7.64  11.20   2.00   9.12   9.83  13.00  16.44   5.02  12.39
199201  -3.06  10.49   2.61  -4.23   6.63  -2.62   0.34  -5.54  -4.65   2.16
199202   1.05  12.28   1.97  -0.50   3.89  -1.21   2.60  -2.59  -1.25   3.24
199203  -1.58   0.79  -1.17  -2.71  -5.20  -0.98  -1.33  -5.47  -0.56  -2.08
199204   0.72   7.90   3.26   9.50  -1.01   6.85  -3.48  -2.15   2.65   0.56
199205   1.39  -1.92  -0.69   3.16   0.05  -1.70   0.18   1.09   2.52   1.57
199206  -2.86   2.16  -2.89  -3.46  -4.09   1.20  -1.90  -4.69   0.53   0.07
199207   4.62   0.36   2.83   5.30   3.00   5.37   3.84   5.73   6.69   3.23
199208   0.84  -9.44  -3.39   2.53  -4.55  -1.04  -0.55  -3.31  -0.48  -3.35
199209   1.04   0.28   1.81   0.12   3.38   1.81   4.04  -4.87   0.81   3.45
199210  -0.89   0.01   0.90  -3.48   2.06  -0.53   4.30   3.33  -0.43   2.97
199211   3.66   8.66   3.41  -2.67   6.37   4.29   7.20   4.87  -0.22   6.00
199212   0.07   3.36   1.38   2.01  -0.02   5.56   0.62  -1.40   2.71   3.83
199301  -0.73   9.38  -0.03   2.74   4.83   1.16   0.04  -6.77   2.42   3.26
199302  -2.11  -0.34   1.53   6.00  -0.33   5.72  -1.52  -8.94   6.23   0.42
199303   0.10   5.45   2.26   4.07   2.20   3.22   2.77   0.81   1.78   3.89
199304  -9.28   2.32   0.15   1.11  -3.67  -2.87  -8.15   1.31  -0.16  -3.22
199305   2.73   1.17   2.21   1.76   8.84   4.23   5.87   3.62  -0.06   1.70
199306  -0.70   3.34  -0.46  -1.08  -0.42   4.64  -2.88  -2.93   3.18   2.23
199307  -2.29   1.68  -0.21   0.50  -3.89   2.15   0.66  -5.99   1.95   2.06
199308   4.22   0.52   3.39   4.18   6.35   5.47   3.98   3.06   3.69   3.45
199309  -1.77   0.80  -1.65   1.50   1.35  -0.47  -0.33   0.92  -0.65   1.69
199310   6.03   7.51   2.95  -1.90   1.58   2.61   4.60   6.00  -1.96  -2.27
199311   0.70   0.84   1.28  -5.80   0.00  -6.04   0.67   1.11  -5.55  -2.80
199312   1.59   4.51   3.85   0.49   2.96  -0.43  -2.09   2.48   1.58   2.60
199401  -0.46   6.96   5.02   4.92   4.73   2.01   0.64   1.93  -1.22   4.40
199402  -1.35  -4.36  -0.76  -2.95   1.68  -5.54   1.98  -5.45  -4.95  -3.90
199403  -4.07  -6.42  -4.38  -3.62  -3.89  -3.73  -4.61  -6.72  -3.93  -4.27
199404   1.24  -0.45   0.27   4.12  -1.57   1.42   0.27   2.40   2.11   1.32
199405  -1.34  -2.78   2.04   0.85   2.09   1.67  -1.90   4.35  -5.35   3.01
199406  -1.78  -3.43  -2.63  -2.75  -5.23   0.71  -2.63  -3.68  -3.13  -2.62
199407   2.94   3.71   4.57   3.33   3.87   3.20   0.79   1.04   5.15   2.67
199408   5.96  -0.22   4.73   0.00   9.33   1.16   4.55  10.72   0.66   3.49
199409  -0.32  -5.06  -1.55  -2.11  -0.51  -1.06  -2.29   1.72  -2.78  -4.18
199410   2.13  -1.48   0.66   7.33   7.25  -0.09   1.21   0.88   1.55   0.05
199411  -1.66  -5.06  -5.44  -4.85  -2.14  -5.45  -3.38   0.44   0.26  -5.15
199412   1.32   3.82   4.25  -0.94   2.47   0.90  -2.83   0.53   0.35   1.43
199501   1.89  -5.84  -0.37   0.39  -0.82   4.20   1.55   6.15   6.23   4.67
199502   3.02   5.06   5.14   4.50   6.76   1.51   2.66   2.23   0.82   4.87
199503   2.69   1.42   3.75   5.21   4.53   0.28   3.50   2.68  -1.75   1.93
199504   1.85   1.41   2.92   2.31   8.29   1.59  -1.66   3.05   2.38   1.64
199505   4.69   4.84   3.29   4.01   3.04   0.63   2.72   1.63   6.01   4.46
199506   1.77   0.84   2.00  -3.13   9.79   3.86   4.96   4.46  -0.46   2.19
199507   1.23   2.64   3.86   2.29   7.87   5.15   3.53   5.22  -0.38   4.82
199508   0.68   0.72  -0.58  -1.70  -0.09   4.38  -2.76   1.03   0.98   3.69
199509   6.72  -0.52   2.39   1.35   1.25   5.64   2.82   7.43   6.24   4.51
199510   0.39  -4.78  -2.79  -0.20   1.47  -0.04  -5.50   1.15   1.48  -2.02
199511   4.50   5.45   6.04   4.75  -0.73   2.63   6.16   4.85   1.56   6.13
199512   1.64   3.15   1.30   5.68  -4.20   3.98  -0.82   5.94   5.06   1.09
199601   2.65   3.49   3.18  -0.34   1.92   2.29  -0.36   5.93   1.91   3.51
199602   3.14   2.02   0.80   1.09   6.34  -2.18   4.33  -1.07  -2.58   2.15
199603  -0.93   4.29   3.22   4.92  -3.45  -1.88   5.98   0.24  -0.47   1.72
199604   0.11   3.54   1.72   3.42   9.95   2.81   4.24  -0.61  -2.59   0.24
199605   6.58   2.24   2.24   0.51   3.86  -0.04   4.42   3.94   1.35   1.52
199606   3.27  -4.92  -0.27   0.87  -4.93   0.49  -1.64  -0.19   5.21  -0.29
199607  -4.10  -4.17  -4.09  -4.64  -7.51  -8.51  -7.54  -6.04  -5.82  -4.28
199608  -0.73   3.16   3.10   2.92   4.41  -0.97   5.82   4.19   2.89   3.89
199609   3.71   2.36   5.95   3.99  10.59   1.61   3.52   7.33   0.67   5.04
199610   1.78   0.15   1.65   5.79  -1.24  -0.74  -2.25  -0.69   3.61   3.93
199611   5.14   6.01   6.06   5.53  12.03   5.60   3.09   6.68   2.61   7.50
199612   0.52  -3.09  -0.13   0.77  -2.57   2.52  -3.49  -2.66   0.14  -1.77
199701   5.53   3.16   4.10   4.30   9.41   2.43   0.18   9.56   0.90   5.98
199702   4.12   0.35   0.76  -5.58  -7.46   2.39   3.04   0.95  -0.56   2.65
199703  -5.13  -3.93  -3.62   5.20  -5.54  -7.67  -1.31  -7.42  -2.76  -5.87
199704   5.26   2.30   5.11   0.09   8.21   2.63   2.18   6.13  -1.39   5.17
199705   5.91   6.65   7.75   7.27  10.12   6.53   6.03   6.92   3.77   6.27
199706   3.58   3.92   5.11   1.29   1.34   3.71   5.03   8.88   2.99   5.34
199707   3.38   7.80   7.04   7.42  15.96   2.66   7.76   2.06   2.80   9.15
199708  -6.26   1.21  -5.55   0.21  -1.32  -2.47  -2.56  -6.14  -1.14  -4.71
199709   5.60   5.27   3.28   6.32   3.46   9.70   5.15   6.59   4.65   7.91
199710  -3.14  -3.23  -5.75  -2.05  -8.41   2.97  -2.18   0.27   0.94  -2.64
199711   6.46  -1.58   4.21  -3.49   1.46  10.49   5.34   2.82   7.09   2.99
199712   3.76   4.39  -0.42  -1.49  -4.20   4.35  -0.27   3.54   7.97   5.27
199801  -2.89   0.53   0.41  -5.68   5.23   4.87   0.94   5.74  -4.35  -2.05
199802   5.06  12.55   7.08   6.81  10.42   2.63  10.46   5.45   2.65   8.04
199803   5.71   6.31   4.77   4.69   1.30   9.78   6.55   3.58   6.77   5.83
199804  -3.15   1.05   1.10   3.77   5.11  -3.16  -0.38   1.94  -2.50   1.78
199805   1.10   7.24  -2.25  -4.17  -6.96  -1.51   2.14  -2.49  -0.88  -3.08
199806   3.79   1.79  -0.62  -1.30   8.72   2.97   4.79   6.16   2.90   3.07
199807  -4.02  -1.15  -5.88  -6.68   0.50   3.79  -3.10  -0.22  -5.35  -1.73
199808 -13.03 -19.38 -14.14 -10.19 -17.53 -11.77 -14.15 -12.23   2.25 -21.36
199809   1.46   1.56   0.55  12.81  15.14   9.34   1.45  11.98   7.97   2.74
199810  10.81  11.68  10.81   1.26   6.31   6.78  10.63   3.84  -1.75   8.52
199811   6.31   4.27   3.75   0.56  11.65   3.78   9.54   6.16   1.35   6.08
199812   0.61   4.30   2.38  -1.17  15.26  14.10   8.97   5.02   2.83   3.38
199901  -3.43   5.52   0.75  -5.51  14.99   8.79   2.40   0.25  -6.26   1.11
199902  -3.74  -4.38  -1.89  -3.12 -11.46  -2.93  -1.51   0.22  -3.77   0.05
199903  -1.99  -0.90   4.96  15.33   8.46  -0.81   2.90   2.55  -1.68   2.48
199904   3.85  10.26   9.04  15.92   2.33   8.35   0.53  -5.54   7.18   6.66
199905   1.28  -5.55  -2.78  -3.09  -0.62   1.08  -2.89  -2.04   6.71  -3.68
199906   0.34   0.56   4.69  -1.49  11.58   5.74   7.82   4.45  -4.28   3.19
199907  -2.46  -6.61  -1.05   1.61  -1.79  -1.61  -5.05  -4.43  -0.61  -5.98
199908  -4.61   1.20  -0.81   1.83   5.44  -7.54  -5.98   3.74   0.62  -5.15
199909  -6.74  -7.88  -2.86  -3.88  -0.19   4.36   1.43  -7.10  -4.31  -4.31
199910   6.34   5.29   5.34  -1.57   3.26   8.87   3.42  10.75   2.14  11.27
199911  -1.23  -2.03  -0.71   3.74  12.87   4.33   4.27   1.50  -7.32  -2.21
199912  -2.48   3.20  10.52   0.65  20.66   4.20   6.65  -5.61  -2.34   1.49
200001  -4.81  -0.75  -7.55   0.89  -4.70  -3.98 -11.25   7.57   5.64  -4.66
200002  -6.22  -8.40  -2.96  -5.56  18.09  -3.44  -3.76  -2.67  -7.16  -6.98
200003   7.78  10.70   5.79  12.17   3.99   7.53  13.46   0.11   5.70  14.05
200004  -1.83   9.51   1.30  -1.87 -10.67  -7.89  -4.44   5.17   7.55  -3.38
200005   7.24 -13.29  -1.54   9.50 -10.85 -10.06  -2.64   3.98   3.90   3.42
200006   2.36  -9.49  -1.08  -5.27  12.95   4.05  -2.34  10.70  -4.70  -2.81
200007   0.83   4.58  -0.61  -2.54  -5.17  -7.28  -1.38  -6.19   4.41   5.57
200008  -1.81   7.90   6.89   8.73  12.51  -1.07  -2.44   3.61  11.57   8.97
200009   3.42  -3.69  -5.93   4.45 -14.98  -4.01   2.73   3.68   9.58   0.40
200010   7.37   1.86   4.58  -2.92  -7.29  -0.39  -1.44   2.59  -2.18  -0.94
200011   2.79 -11.28  -3.64  -2.62 -23.28 -15.55  -1.37   0.76   3.03  -5.90
200012   5.27   1.44   7.08   7.63  -7.96  -4.27   5.63   3.53   6.53   7.17
200101  -1.90  13.43  -0.06  -3.39  16.55  14.26   6.60  -8.95 -10.30   0.00
200102   0.19  -1.25  -4.26   0.06 -25.94  -9.62  -5.37  -0.48   6.24  -4.26
200103  -4.62  -2.81  -7.30  -0.18 -13.59  -5.86  -2.86  -8.46   1.63  -4.12
200104   0.91   8.18   8.47  10.12  17.94   2.68   5.60   4.02   5.47   5.80
200105   3.36  -2.85   2.86   0.11  -3.32  -1.28   1.59   3.02   0.01   3.71
200106  -1.60   3.52  -4.42  -7.55   1.46  -3.06  -2.49  -2.81  -6.22   0.07
200107  -0.14   3.18   0.54  -2.29  -7.58  -0.72   4.56   2.28  -3.66  -2.34
200108   2.46 -11.14  -1.96  -3.47 -12.66  -9.26  -6.96  -3.12   0.42  -5.34
200109  -2.56 -16.87 -12.72  -5.54 -18.92  -2.45  -9.62  -0.61  -6.39  -8.29
200110   1.07   1.19   3.84   4.32  15.68  -9.44   1.65   1.20   1.40  -0.51
200111   2.08  15.18   8.36  -4.06  15.89   6.05  10.15   5.03  -1.61   7.94
200112   1.98  -0.77   2.64   5.96  -0.61   2.72   4.51  -2.88   3.85   3.25
200201   1.92   2.79   1.69  -2.88  -0.57  -7.21   2.77  -2.35  -4.07  -2.90
200202   4.36   3.17   4.25   5.41 -13.21  -2.39  -0.09  -0.51  -0.26  -0.48
200203   3.73   6.70   4.96   7.65   6.42   0.33   2.01   0.47  10.04   5.32
200204   2.66   1.99  -1.49  -4.57 -11.77 -12.68  -1.39  -7.60  -0.56  -3.73
200205   1.45  -0.45  -0.29  -0.73  -3.76   2.99  -1.28  -2.23  -6.47  -0.44
200206  -5.77  -8.39  -3.06  -0.11 -12.20 -14.37  -5.08  -9.61  -5.33  -5.44
200207  -6.72 -11.98  -8.48 -11.86  -9.56 -11.69 -11.30  -2.58 -12.30  -6.44
200208   2.49   0.44  -1.29   0.60  -0.85   0.34   1.90   0.67   3.36   1.07
200209  -7.68 -11.16  -8.25  -8.04 -16.74  -9.33  -9.40  -5.85 -10.86 -10.72
200210   5.26  -2.83   3.83   3.23  19.34  21.37   5.70   5.69  -0.68   6.41
200211  -1.28  12.02   6.12   3.08  16.17  11.81   1.93   3.70   1.62   4.64
200212   0.00  -6.57  -3.76   0.83 -13.02  -9.07  -6.93  -4.07   3.84  -4.98
200301  -4.79  -3.57  -4.03  -2.42  -1.47  -3.48  -4.77  -0.59  -3.12  -2.31
200302  -3.08  -4.86  -2.19   2.01   1.28  -6.47  -1.21  -1.94  -3.92  -2.59
200303  -2.67  -2.67   1.35   1.32  -0.99  -0.58   4.61   3.79   4.35   0.76
200304   4.69  15.15   6.27  -0.49   9.21  11.17   8.88   4.12   7.35  11.78
200305   9.22   2.79   4.66   8.77   9.73   6.26   3.41   3.92  10.11   5.31
200306   1.57   2.19   0.54  -1.15   0.25   1.96   3.46   4.10   0.66   0.94
200307  -2.33   6.65   4.89  -2.61   5.63  -1.62   3.32   0.63  -5.25   3.58
200308   0.66   8.08   4.12   6.24   6.06   1.39   6.75  -2.54   1.91   0.63
200309   1.11  -4.23  -3.70  -2.28  -0.89  -5.64  -4.53   0.23   3.91   0.30
200310   5.59   7.23   8.81   1.60   8.22   6.69   9.03   0.72   1.58   6.41
200311   3.78   3.11   2.06   0.61   1.90  -0.62   0.57   1.62   0.95   1.09
200312   3.31  11.96   6.73  13.49   2.12   7.37  -2.13   5.69   5.81   4.50
200401   0.13  -0.96  -0.67   0.33   4.48   1.44   0.46   3.03   1.91   2.71
200402   4.28  -0.23   2.00   4.64  -2.91  -0.79   6.08   0.90   2.06   1.99
200403  -0.30  -1.13  -0.20  -0.10  -2.57  -2.42   0.30  -3.90   1.16  -0.58
200404   1.51   2.52  -0.21   2.51  -4.89  -0.49  -2.68   3.57  -3.51  -3.83
200405  -2.19  -1.57   1.60   0.47   4.83  -2.90   0.27  -0.38   1.28   2.07
200406   1.87   5.45   5.32   5.44   2.63   0.61   0.07  -0.38   2.01   1.54
200407  -5.81  -4.78  -4.06   3.34  -8.47  -1.30  -3.98  -5.89   0.99  -2.40
200408   0.83  -2.38   1.31  -1.33  -4.42   1.27  -1.15   1.66   3.61   1.89
200409  -1.76   2.62   1.89   8.77   3.26   1.35   2.58  -1.41   1.36   1.27
200410   2.87  -2.84  -1.38   0.69   5.01   3.27   3.08  -2.40   4.18   1.23
200411   4.52   7.10   7.16   6.47   5.85   3.45   3.61   0.66   5.04   4.93
200412   4.80   4.89   2.59  -2.19   3.16   4.22   3.43   5.65   2.39   4.41
200501  -0.08  -6.81  -1.76   3.01  -6.09  -3.91  -1.08  -4.06   1.70  -2.47
200502   0.60  -0.45   4.09  19.14  -0.17  -0.15   0.86   2.47   2.32   0.23
200503  -0.88  -7.65  -1.44  -3.37  -2.39  -0.11   0.00  -0.42   0.58  -2.37
200504  -1.02 -11.16  -4.74  -5.73  -4.52  -1.99  -5.34   3.95   2.01  -1.63
200505   2.27   8.75   2.89   1.91   7.73   1.45   6.39   1.46   1.80   3.37
200506  -1.61   1.97  -1.17   5.81  -1.59   0.19   2.47  -0.56   5.59   1.42
200507   2.41   5.30   5.77   6.18   5.97   2.98   5.80   3.72   2.99   2.48
200508   0.10  -2.78  -1.43   5.57  -0.58  -1.10  -5.52  -0.31   1.16  -1.70
200509   0.25  -4.88   0.76   7.08   0.76  -1.49  -1.75  -1.95   4.39   1.24
200510  -1.81  -4.25  -2.43 -10.05  -1.65  -3.23   1.62  -3.25  -6.85   1.18
200511   1.01   2.29   5.32   1.24   6.50   2.56   3.98   1.56  -0.19   4.94
200512  -0.16  -0.77   1.45   0.57  -1.83  -1.59  -0.61   2.41   1.23   0.17
200601   0.18   6.03   5.05  12.55   3.74   3.72   1.98   2.19   3.05   1.53
200602   1.15  -0.59   1.19  -8.20  -1.29   3.33   1.44   1.09   0.23   1.09
200603   1.23   2.68   2.96   4.14   2.99   1.82   2.40  -0.98  -3.65   1.84
200604   1.03   0.57   4.00   4.72  -1.12   1.68  -1.66  -1.86   1.85   2.25
200605   1.30   0.43  -3.30  -3.51  -6.76  -0.30  -1.92  -2.19   1.52  -3.25
200606  -0.08   2.02  -0.50   2.56  -1.15   2.87   0.27  -0.15   2.40  -0.35
200607   3.52  -3.11  -3.59   4.82  -3.89   2.30  -4.28   4.25   4.84  -1.06
200608   2.91   2.22   2.21  -3.33   7.21   2.35   2.03   2.27   2.33   1.65
200609  -0.29   4.26   1.89  -3.73   3.74   3.38   5.76   1.66  -2.14   3.26
200610   2.82   5.12   4.24   5.17   4.26   5.35   3.88   1.61   5.35   2.87
200611   1.26   1.73   3.59   8.56   3.08   0.79  -1.31   0.06   3.02   1.67
200612   1.78  -1.03   0.67  -2.17  -1.01   4.41   1.48   0.06   0.70   3.27


